125  
1    

1    
  0.0000000000000000   0.0070710678118655   0.0070710678118655
  -0.0000000000   -0.0325230000   -0.0325230000
   0.0000000000    0.0091899000    0.0091899000
   0.0000000000    0.0001838900    0.0001838900
   0.0000000000    0.0001868200    0.0001868200
   0.0000000000    0.0087812800    0.0087812800
   0.0046460900   -0.0007588500    0.0044075500
  -0.0001495700   -0.0001887600   -0.0003271300
  -0.0000006200    0.0000982600    0.0000956300
   0.0001505800   -0.0003337800   -0.0001881100
  -0.0045612500    0.0043512500   -0.0007376100
   0.0001271800   -0.0000109000    0.0000574400
   0.0000534900    0.0000372800    0.0000429900
  -0.0000527600    0.0000446800    0.0000380600
  -0.0001283700    0.0000577700   -0.0000103100
   0.0000005100   -0.0000384000   -0.0000383000
   0.0001283700   -0.0000103100    0.0000577700
  -0.0000005100   -0.0000383000   -0.0000384000
  -0.0001271800    0.0000574400   -0.0000109000
  -0.0000534900    0.0000429900    0.0000372800
   0.0000527600    0.0000380600    0.0000446800
   0.0045612500   -0.0007376100    0.0043512500
  -0.0046460900    0.0044075500   -0.0007588500
   0.0001495700   -0.0003271300   -0.0001887600
   0.0000006200    0.0000956300    0.0000982600
  -0.0001505800   -0.0001881100   -0.0003337800
   0.0046460900    0.0044075500   -0.0007588500
  -0.0001495700   -0.0003271300   -0.0001887600
  -0.0000006200    0.0000956300    0.0000982600
   0.0001505800   -0.0001881100   -0.0003337800
  -0.0045612500   -0.0007376100    0.0043512500
  -0.0002586000   -0.0000792200   -0.0000792200
  -0.0001401500   -0.0000974200   -0.0000974200
   0.0001399600   -0.0000974500   -0.0000974500
   0.0002588600   -0.0000804300   -0.0000804300
  -0.0000015500   -0.0000139300   -0.0000139300
   0.0000734900    0.0000171800    0.0000232300
  -0.0000005400    0.0000428300    0.0000422700
  -0.0000732600    0.0000239000    0.0000175600
  -0.0000092000   -0.0000040300   -0.0000090900
   0.0000087700   -0.0000089400   -0.0000044200
  -0.0001081800    0.0000702900   -0.0000721000
   0.0001091000   -0.0000714100    0.0000702600
  -0.0000087600    0.0000860500   -0.0000088300
   0.0000007900   -0.0000805700   -0.0000819200
   0.0000092400   -0.0000092400    0.0000842300
  -0.0000000000   -0.0002479600   -0.0002000300
   0.0000000000    0.0008464100   -0.0000156800
   0.0000000000    0.0000967500    0.0000053400
  -0.0000000000    0.0000042100    0.0000915200
  -0.0000000000   -0.0000122200    0.0008436000
   0.0001271800    0.0000574400   -0.0000109000
   0.0000534900    0.0000429900    0.0000372800
  -0.0000527600    0.0000380600    0.0000446800
  -0.0001283700   -0.0000103100    0.0000577700
   0.0000005100   -0.0000383000   -0.0000384000
   0.0000734900    0.0000232300    0.0000171800
  -0.0000005400    0.0000422700    0.0000428300
  -0.0000732600    0.0000175600    0.0000239000
  -0.0000092000   -0.0000090900   -0.0000040300
   0.0000087700   -0.0000044200   -0.0000089400
   0.0000204600   -0.0000301400   -0.0000301400
  -0.0000201100   -0.0000289500   -0.0000289500
   0.0000588600   -0.0000223900   -0.0000223900
   0.0000003400    0.0000156000    0.0000156000
  -0.0000584500   -0.0000228800   -0.0000228800
  -0.0000000000   -0.0000692800   -0.0000709900
   0.0000000000    0.0000760600   -0.0000127800
   0.0000000000    0.0001079200    0.0000149600
  -0.0000000000    0.0000162000    0.0001069500
  -0.0000000000   -0.0000137000    0.0000762600
  -0.0001091000   -0.0000714100    0.0000702600
   0.0000087600    0.0000860500   -0.0000088300
  -0.0000007900   -0.0000805700   -0.0000819200
  -0.0000092400   -0.0000092400    0.0000842300
   0.0001081800    0.0000702900   -0.0000721000
   0.0001283700    0.0000577700   -0.0000103100
  -0.0000005100   -0.0000384000   -0.0000383000
  -0.0001271800   -0.0000109000    0.0000574400
  -0.0000534900    0.0000372800    0.0000429900
   0.0000527600    0.0000446800    0.0000380600
  -0.0001081800   -0.0000721000    0.0000702900
   0.0001091000    0.0000702600   -0.0000714100
  -0.0000087600   -0.0000088300    0.0000860500
   0.0000007900   -0.0000819200   -0.0000805700
   0.0000092400    0.0000842300   -0.0000092400
  -0.0000000000   -0.0000709900   -0.0000692800
  -0.0000000000   -0.0000127800    0.0000760600
  -0.0000000000    0.0000149600    0.0001079200
   0.0000000000    0.0001069500    0.0000162000
   0.0000000000    0.0000762600   -0.0000137000
   0.0000201100   -0.0000289500   -0.0000289500
  -0.0000588600   -0.0000223900   -0.0000223900
  -0.0000003400    0.0000156000    0.0000156000
   0.0000584500   -0.0000228800   -0.0000228800
  -0.0000204600   -0.0000301400   -0.0000301400
   0.0000732600    0.0000239000    0.0000175600
   0.0000092000   -0.0000040300   -0.0000090900
  -0.0000087700   -0.0000089400   -0.0000044200
  -0.0000734900    0.0000171800    0.0000232300
   0.0000005400    0.0000428300    0.0000422700
   0.0045612500    0.0043512500   -0.0007376100
  -0.0046460900   -0.0007588500    0.0044075500
   0.0001495700   -0.0001887600   -0.0003271300
   0.0000006200    0.0000982600    0.0000956300
  -0.0001505800   -0.0003337800   -0.0001881100
  -0.0000000000   -0.0002000300   -0.0002479600
  -0.0000000000   -0.0000156800    0.0008464100
  -0.0000000000    0.0000053400    0.0000967500
   0.0000000000    0.0000915200    0.0000042100
   0.0000000000    0.0008436000   -0.0000122200
  -0.0001091000    0.0000702600   -0.0000714100
   0.0000087600   -0.0000088300    0.0000860500
  -0.0000007900   -0.0000819200   -0.0000805700
  -0.0000092400    0.0000842300   -0.0000092400
   0.0001081800   -0.0000721000    0.0000702900
   0.0000732600    0.0000175600    0.0000239000
   0.0000092000   -0.0000090900   -0.0000040300
  -0.0000087700   -0.0000044200   -0.0000089400
  -0.0000734900    0.0000232300    0.0000171800
   0.0000005400    0.0000422700    0.0000428300
  -0.0002588600   -0.0000804300   -0.0000804300
   0.0000015500   -0.0000139300   -0.0000139300
   0.0002586000   -0.0000792200   -0.0000792200
   0.0001401500   -0.0000974200   -0.0000974200
  -0.0001399600   -0.0000974500   -0.0000974500
