125  
1    

1    
  0.0000000000000000   0.0070710678118655   0.0070710678118655
  -0.0000000000   -0.0326199700   -0.0326199700
   0.0000000000    0.0092918700    0.0092918700
   0.0000000000    0.0001410200    0.0001410200
   0.0000000000    0.0001458400    0.0001458400
   0.0000000000    0.0088845800    0.0088845800
   0.0046941200   -0.0008332000    0.0044623400
  -0.0001817200   -0.0001836900   -0.0003844000
  -0.0000013400    0.0002178400    0.0002182000
   0.0001838100   -0.0003949400   -0.0001830600
  -0.0046099600    0.0044048600   -0.0008123000
   0.0000446600   -0.0000666300    0.0000969700
   0.0001571400   -0.0000286700    0.0000595200
  -0.0001564800    0.0000628300   -0.0000263400
  -0.0000468600    0.0000984800   -0.0000649400
  -0.0000003100   -0.0000009600   -0.0000002200
   0.0000468600   -0.0000649400    0.0000984800
   0.0000003100   -0.0000002200   -0.0000009600
  -0.0000446600    0.0000969700   -0.0000666300
  -0.0001571400    0.0000595200   -0.0000286700
   0.0001564800   -0.0000263400    0.0000628300
   0.0046099600   -0.0008123000    0.0044048600
  -0.0046941200    0.0044623400   -0.0008332000
   0.0001817200   -0.0003844000   -0.0001836900
   0.0000013400    0.0002182000    0.0002178400
  -0.0001838100   -0.0001830600   -0.0003949400
   0.0046941200    0.0044623400   -0.0008332000
  -0.0001817200   -0.0003844000   -0.0001836900
  -0.0000013400    0.0002182000    0.0002178400
   0.0001838100   -0.0001830600   -0.0003949400
  -0.0046099600   -0.0008123000    0.0044048600
  -0.0002637100   -0.0000998300   -0.0000998300
  -0.0001536200   -0.0001219400   -0.0001219400
   0.0001527900   -0.0001197900   -0.0001197900
   0.0002678000   -0.0001010200   -0.0001010200
  -0.0000032300    0.0000118900    0.0000118900
   0.0001061600    0.0000235500    0.0001125200
  -0.0000005500    0.0000328900    0.0000318300
  -0.0001049500    0.0001124900    0.0000240000
  -0.0000606800   -0.0000866600   -0.0000349000
   0.0000603400   -0.0000341000   -0.0000831400
  -0.0000826700    0.0000821800   -0.0001261500
   0.0000832800   -0.0001219100    0.0000825200
  -0.0000609700    0.0000477900   -0.0000349500
  -0.0000001700    0.0000382400    0.0000370000
   0.0000600600   -0.0000339600    0.0000458600
  -0.0000000000   -0.0002433900   -0.0001928800
   0.0000000000    0.0007960600    0.0000096300
   0.0000000000    0.0001079200   -0.0000235600
  -0.0000000000   -0.0000252100    0.0001067200
  -0.0000000000    0.0000141100    0.0007976700
   0.0000446600    0.0000969700   -0.0000666300
   0.0001571400    0.0000595200   -0.0000286700
  -0.0001564800   -0.0000263400    0.0000628300
  -0.0000468600   -0.0000649400    0.0000984800
  -0.0000003100   -0.0000002200   -0.0000009600
   0.0001061600    0.0001125200    0.0000235500
  -0.0000005500    0.0000318300    0.0000328900
  -0.0001049500    0.0000240000    0.0001124900
  -0.0000606800   -0.0000349000   -0.0000866600
   0.0000603400   -0.0000831400   -0.0000341000
  -0.0000525100   -0.0000451800   -0.0000451800
   0.0000499200   -0.0000435400   -0.0000435400
   0.0000017600    0.0000398200    0.0000398200
  -0.0000023200   -0.0000161700   -0.0000161700
  -0.0000026800    0.0000398700    0.0000398700
   0.0000000000    0.0000522300    0.0000517100
   0.0000000000   -0.0000149400   -0.0001443400
   0.0000000000    0.0002230000   -0.0000147300
   0.0000000000   -0.0000176800    0.0002315400
  -0.0000000000   -0.0001464300   -0.0000125100
  -0.0000832800   -0.0001219100    0.0000825200
   0.0000609700    0.0000477900   -0.0000349500
   0.0000001700    0.0000382400    0.0000370000
  -0.0000600600   -0.0000339600    0.0000458600
   0.0000826700    0.0000821800   -0.0001261500
   0.0000468600    0.0000984800   -0.0000649400
   0.0000003100   -0.0000009600   -0.0000002200
  -0.0000446600   -0.0000666300    0.0000969700
  -0.0001571400   -0.0000286700    0.0000595200
   0.0001564800    0.0000628300   -0.0000263400
  -0.0000826700   -0.0001261500    0.0000821800
   0.0000832800    0.0000825200   -0.0001219100
  -0.0000609700   -0.0000349500    0.0000477900
  -0.0000001700    0.0000370000    0.0000382400
   0.0000600600    0.0000458600   -0.0000339600
   0.0000000000    0.0000517100    0.0000522300
  -0.0000000000   -0.0001443400   -0.0000149400
  -0.0000000000   -0.0000147300    0.0002230000
   0.0000000000    0.0002315400   -0.0000176800
   0.0000000000   -0.0000125100   -0.0001464300
  -0.0000499200   -0.0000435400   -0.0000435400
  -0.0000017600    0.0000398200    0.0000398200
   0.0000023200   -0.0000161700   -0.0000161700
   0.0000026800    0.0000398700    0.0000398700
   0.0000525100   -0.0000451800   -0.0000451800
   0.0001049500    0.0001124900    0.0000240000
   0.0000606800   -0.0000866600   -0.0000349000
  -0.0000603400   -0.0000341000   -0.0000831400
  -0.0001061600    0.0000235500    0.0001125200
   0.0000005500    0.0000328900    0.0000318300
   0.0046099600    0.0044048600   -0.0008123000
  -0.0046941200   -0.0008332000    0.0044623400
   0.0001817200   -0.0001836900   -0.0003844000
   0.0000013400    0.0002178400    0.0002182000
  -0.0001838100   -0.0003949400   -0.0001830600
  -0.0000000000   -0.0001928800   -0.0002433900
   0.0000000000    0.0000096300    0.0007960600
  -0.0000000000   -0.0000235600    0.0001079200
   0.0000000000    0.0001067200   -0.0000252100
   0.0000000000    0.0007976700    0.0000141100
  -0.0000832800    0.0000825200   -0.0001219100
   0.0000609700   -0.0000349500    0.0000477900
   0.0000001700    0.0000370000    0.0000382400
  -0.0000600600    0.0000458600   -0.0000339600
   0.0000826700   -0.0001261500    0.0000821800
   0.0001049500    0.0000240000    0.0001124900
   0.0000606800   -0.0000349000   -0.0000866600
  -0.0000603400   -0.0000831400   -0.0000341000
  -0.0001061600    0.0001125200    0.0000235500
   0.0000005500    0.0000318300    0.0000328900
  -0.0002678000   -0.0001010200   -0.0001010200
   0.0000032300    0.0000118900    0.0000118900
   0.0002637100   -0.0000998300   -0.0000998300
   0.0001536200   -0.0001219400   -0.0001219400
  -0.0001527900   -0.0001197900   -0.0001197900
