#k-distance frequency[THz]
0.00000000 -0.00000006
0.00263085 0.09174612
0.00526175 0.18345818
0.00789260 0.27510239
0.01052350 0.36664553
0.01315434 0.45805518
0.01578524 0.54930000
0.01841609 0.64034996
0.02104699 0.73117658
0.02367784 0.82175307
0.02630874 0.91205454
0.02893959 1.00205813
0.03157049 1.09174308
0.03420133 1.18109086
0.03683223 1.27008514
0.03946308 1.35871184
0.04209398 1.44695904
0.04472483 1.53481695
0.04735573 1.62227776
0.04998658 1.70933548
0.05261748 1.79598579
0.05524833 1.88222580
0.05787922 1.96805380
0.06051007 2.05346903
0.06314097 2.13847129
0.06577182 2.22306076
0.06840272 2.30723756
0.07103357 2.39100148
0.07366447 2.47435165
0.07629532 2.55728618
0.07892621 2.63980186
0.08155706 2.72189382
0.08418796 2.80355529
0.08681881 2.88477728
0.08944971 2.96554837
0.09208056 3.04585447
0.09471146 3.12567868
0.09734231 3.20500114
0.09997321 3.28379891
0.10260405 3.36204594
0.10523495 3.43971305
0.10786580 3.51676795
0.11049670 3.59317532
0.11312755 3.66889692
0.11575845 3.74389175
0.11838930 3.81811625
0.12102020 3.89152450
0.12365105 3.96406852
0.12628189 4.03569855
0.12891279 4.10636334
0.13154364 4.17601053
0.13417454 4.24458697
0.13680539 4.31203913
0.13943629 4.37831343
0.14206714 4.44335666
0.14469804 4.50711635
0.14732888 4.56954114
0.14995978 4.63058115
0.15259063 4.69018833
0.15522153 4.74831680
0.15785238 4.80492316
0.16048328 4.85996677
0.16311413 4.91341004
0.16574503 4.96521862
0.16837588 5.01536160
0.17100677 5.06381170
0.17363762 5.11054537
0.17626852 5.15554285
0.17889937 5.19878825
0.18153027 5.24026952
0.18416112 5.27997844
0.18679202 5.31791051
0.18942287 5.35406482
0.19205376 5.38844394
0.19468461 5.42105369
0.19731551 5.45190289
0.19994636 5.48100314
0.20257726 5.50836852
0.20520811 5.53401524
0.20783901 5.55796133
0.21046986 5.58022630
0.21310076 5.60083073
0.21573160 5.61979592
0.21836250 5.63714350
0.22099335 5.65289508
0.22362425 5.66707181
0.22625510 5.67969412
0.22888600 5.69078127
0.23151685 5.70035110
0.23414775 5.70841973
0.23677859 5.71500124
0.23940949 5.72010751
0.24204034 5.72374798
0.24467124 5.72592948
0.24730209 5.72665618
0.24730209 5.72665618
0.24995163 5.72680218
0.25260114 5.72723639
0.25525069 5.72794756
0.25790020 5.72891704
0.26054974 5.73011902
0.26319925 5.73152077
0.26584880 5.73308300
0.26849834 5.73476025
0.27114785 5.73650137
0.27379740 5.73825005
0.27644691 5.73994536
0.27909645 5.74152234
0.28174596 5.74291269
0.28439551 5.74404536
0.28704505 5.74484729
0.28969456 5.74524399
0.29234411 5.74516031
0.29499362 5.74452106
0.29764316 5.74325166
0.30029271 5.74127881
0.30294222 5.73853106
0.30559176 5.73493941
0.30824127 5.73043785
0.31089082 5.72496386
0.31354033 5.71845890
0.31618987 5.71086881
0.31883942 5.70214419
0.32148893 5.69224075
0.32413847 5.68111957
0.32678798 5.66874734
0.32943753 5.65509656
0.33208704 5.64014566
0.33473658 5.62387911
0.33473658 5.62387911
0.33738613 5.60628742
0.34003564 5.58736718
0.34268518 5.56712097
0.34533469 5.54555727
0.34798424 5.52269031
0.35063375 5.49853990
0.35328329 5.47313119
0.35593284 5.44649439
0.35858235 5.41866446
0.36123189 5.38968079
0.36388140 5.35958681
0.36653095 5.32842959
0.36918046 5.29625938
0.37183000 5.26312915
0.37447955 5.22909415
0.37712906 5.19421134
0.37977860 5.15853892
0.38242811 5.12213577
0.38507766 5.08506090
0.38772720 5.04737295
0.39037671 5.00912959
0.39302626 4.97038701
0.39567577 4.93119941
0.39832531 4.89161843
0.40097482 4.85169270
0.40362437 4.81146738
0.40627391 4.77098367
0.40892342 4.73027846
0.41157297 4.68938391
0.41422248 4.64832720
0.41687202 4.60713017
0.41952153 4.56580918
0.42217107 4.52437487
0.42482062 4.48283210
0.42747013 4.44117983
0.43011967 4.39941120
0.43276918 4.35751352
0.43541873 4.31546841
0.43806824 4.27325198
0.44071778 4.23083504
0.44336733 4.18818335
0.44601684 4.14525800
0.44866638 4.10201569
0.45131589 4.05840921
0.45396544 4.01438779
0.45661495 3.96989762
0.45926449 3.92488226
0.46191404 3.87928320
0.46456355 3.83304031
0.46721309 3.78609235
0.46986260 3.73837750
0.47251215 3.68983379
0.47516169 3.64039968
0.47781120 3.59001445
0.48046075 3.53861866
0.48311026 3.48615461
0.48575980 3.43256674
0.48840931 3.37780197
0.49105886 3.32181006
0.49370840 3.26454398
0.49635791 3.20596009
0.49900746 3.14601851
0.50165697 3.08468326
0.50430651 3.02192250
0.50695602 2.95770865
0.50960557 2.89201856
0.51225511 2.82483361
0.51490462 2.75613974
0.51755417 2.68592757
0.52020368 2.61419235
0.52285322 2.54093403
0.52550273 2.46615717
0.52815228 2.38987096
0.53080182 2.31208912
0.53345133 2.23282985
0.53610088 2.15211570
0.53875039 2.05706703
0.54139993 1.96143941
0.54404944 1.86611235
0.54669899 1.77107255
0.54934853 1.67630594
0.55199804 1.58179786
0.55464759 1.48753319
0.55729710 1.39349652
0.55994664 1.29967229
0.56259619 1.20604484
0.56524570 1.11259859
0.56789524 1.01931807
0.57054475 0.92618799
0.57319430 0.83319333
0.57584381 0.74031934
0.57849335 0.64755157
0.58114290 0.55487591
0.58379241 0.46227853
0.58644195 0.36974588
0.58909146 0.27726469
0.59174100 0.18482189
0.59439051 0.09240458
0.59704006 -0.00000006
0.59704006 -0.00000006
0.59968412 0.09737465
0.60232821 0.19464478
0.60497227 0.29170638
0.60761637 0.38845641
0.61026042 0.48479326
0.61290448 0.58061731
0.61554858 0.67583130
0.61819263 0.77034083
0.62083673 0.86405478
0.62348079 0.95688573
0.62612485 1.04875034
0.62876894 1.13956974
0.63141300 1.22926987
0.63405710 1.31778176
0.63670115 1.40504185
0.63934521 1.49099223
0.64198931 1.57558083
0.64463336 1.65876163
0.64727746 1.74049473
0.64992152 1.82074652
0.65256557 1.89948966
0.65520967 1.97670311
0.65785373 2.05237208
0.66049778 2.12648793
0.66314188 2.19904803
0.66578594 2.27005558
0.66843004 2.33951935
0.67107409 2.40745341
0.67371815 2.47387679
0.67636225 2.53881312
0.67900630 2.60229019
0.68165040 2.66433952
0.68429446 2.72499583
0.68693851 2.78429656
0.68958261 2.84228131
0.69222667 2.89899122
0.69487077 2.95446847
0.69751482 3.00875563
0.70015888 3.06189504
0.70280298 3.11392828
0.70544703 3.16489555
0.70809113 3.21483510
0.71073519 3.26378272
0.71337924 3.31177119
0.71602334 3.35882986
0.71866740 3.40498420
0.72131150 3.45025543
0.72395555 3.49466019
0.72659961 3.53821033
0.72924371 3.58091266
0.73188776 3.62276882
0.73453186 3.66377528
0.73717592 3.70392323
0.73981997 3.74319877
0.74246407 3.78158293
0.74510813 3.81905191
0.74775223 3.85557733
0.75039628 3.89112651
0.75304034 3.92566283
0.75568444 3.95914612
0.75832849 3.99153308
0.76097255 4.02277776
0.76361665 4.05283202
0.76626070 4.08164608
0.76890480 4.10916898
0.77154886 4.13534919
0.77419291 4.16013505
0.77683701 4.18347537
0.77948107 4.20531991
0.78212517 4.22561987
0.78476922 4.24432844
0.78741328 4.26140116
0.79005738 4.27679646
0.79270143 4.29047598
0.79534553 4.30240498
0.79798959 4.31255266
0.80063364 4.32089244
0.80327774 4.32740224
0.80592180 4.33206466
0.80856590 4.33486717
0.81120995 4.33580218
0.81120995 4.33580218
0.81385950 4.33658868
0.81650904 4.33894730
0.81915852 4.34287541
0.82180806 4.34836861
0.82445761 4.35542075
0.82710715 4.36402392
0.82975670 4.37416844
0.83240617 4.38584290
0.83505572 4.39903414
0.83770526 4.41372727
0.84035481 4.42990568
0.84300428 4.44755107
0.84565383 4.46664348
0.84830337 4.48716136
0.85095292 4.50908156
0.85360246 4.53237942
0.85625194 4.55702886
0.85890148 4.58300242
0.86155103 4.61027136
0.86420057 4.63880576
0.86685012 4.66857463
0.86949959 4.69954599
0.87214914 4.73168700
0.87479868 4.76496407
0.87744823 4.79934299
0.88009770 4.83478900
0.88274724 4.87126692
0.88539679 4.90874121
0.88804633 4.94717611
0.89069588 4.98653561
0.89334535 5.02678355
0.89599490 5.06788361
0.89864444 5.10979925
0.90129399 5.15249369
0.90394353 5.19592978
0.90659301 5.24006980
0.90924255 5.28487532
0.91189210 5.33030681
0.91454164 5.37632333
0.91719119 5.42288208
0.91984066 5.46993776
0.92249021 5.51744198
0.92513975 5.56534237
0.92778930 5.61358163
0.93043877 5.66209635
0.93308832 5.71081561
0.93573786 5.75965933
0.93838741 5.80853633
0.94103695 5.85734197
0.94368643 5.90595546
0.94633597 5.95423662
0.94898552 6.00202211
0.95163506 6.04912115
0.95428461 6.09531058
0.95693408 6.14032953
0.95958363 6.18387376
0.96223317 6.22559030
0.96488272 6.26507317
0.96753219 6.30186153
0.97018174 6.33544230
0.97283128 6.36525966
0.97548083 6.39073429
0.97813037 6.41129408
0.98077985 6.42641617
0.98342939 6.43567597
0.98607894 6.43879496
0.98607894 6.43879496
0.98870979 6.43835554
0.99134068 6.43703487
0.99397153 6.43482587
0.99660243 6.43171698
0.99923328 6.42769260
1.00186418 6.42273356
1.00449503 6.41681783
1.00712593 6.40992133
1.00975678 6.40201882
1.01238768 6.39308486
1.01501852 6.38309496
1.01764942 6.37202667
1.02028027 6.35986072
1.02291117 6.34658229
1.02554202 6.33218210
1.02817292 6.31665763
1.03080377 6.30001419
1.03343467 6.28226602
1.03606551 6.26343719
1.03869641 6.24356251
1.04132726 6.22268823
1.04395816 6.20087265
1.04658901 6.17818657
1.04921991 6.15471356
1.05185076 6.13055002
1.05448166 6.10580512
1.05711251 6.08060041
1.05974340 6.05506937
1.06237425 6.02935659
1.06500515 6.00361682
1.06763600 5.97801376
1.07026690 5.95203025
1.07289775 5.92201438
1.07552865 5.89427502
1.07815950 5.86878773
1.08079039 5.84552321
1.08342124 5.82444850
1.08605214 5.80552821
1.08868299 5.78872572
1.09131389 5.77400444
1.09394474 5.76132894
1.09657564 5.75066609
1.09920649 5.74198601
1.10183739 5.73526299
1.10446823 5.73047622
1.10709913 5.72761041
1.10972998 5.72665618

0.00000000 0.00000013
0.00263085 0.09174612
0.00526175 0.18345818
0.00789260 0.27510239
0.01052350 0.36664553
0.01315434 0.45805518
0.01578524 0.54930000
0.01841609 0.64034996
0.02104699 0.73117658
0.02367784 0.82175307
0.02630874 0.91205454
0.02893959 1.00205813
0.03157049 1.09174308
0.03420133 1.18109086
0.03683223 1.27008514
0.03946308 1.35871184
0.04209398 1.44695904
0.04472483 1.53481695
0.04735573 1.62227776
0.04998658 1.70933548
0.05261748 1.79598579
0.05524833 1.88222580
0.05787922 1.96805380
0.06051007 2.05346903
0.06314097 2.13847129
0.06577182 2.22306076
0.06840272 2.30723756
0.07103357 2.39100148
0.07366447 2.47435165
0.07629532 2.55728618
0.07892621 2.63980186
0.08155706 2.72189382
0.08418796 2.80355529
0.08681881 2.88477728
0.08944971 2.96554837
0.09208056 3.04585447
0.09471146 3.12567868
0.09734231 3.20500114
0.09997321 3.28379891
0.10260405 3.36204594
0.10523495 3.43971305
0.10786580 3.51676795
0.11049670 3.59317532
0.11312755 3.66889692
0.11575845 3.74389175
0.11838930 3.81811625
0.12102020 3.89152450
0.12365105 3.96406852
0.12628189 4.03569855
0.12891279 4.10636334
0.13154364 4.17601053
0.13417454 4.24458697
0.13680539 4.31203913
0.13943629 4.37831343
0.14206714 4.44335666
0.14469804 4.50711635
0.14732888 4.56954114
0.14995978 4.63058115
0.15259063 4.69018833
0.15522153 4.74831680
0.15785238 4.80492316
0.16048328 4.85996677
0.16311413 4.91341004
0.16574503 4.96521862
0.16837588 5.01536160
0.17100677 5.06381170
0.17363762 5.11054537
0.17626852 5.15554285
0.17889937 5.19878825
0.18153027 5.24026952
0.18416112 5.27997844
0.18679202 5.31791051
0.18942287 5.35406482
0.19205376 5.38844394
0.19468461 5.42105369
0.19731551 5.45190289
0.19994636 5.48100314
0.20257726 5.50836852
0.20520811 5.53401524
0.20783901 5.55796133
0.21046986 5.58022630
0.21310076 5.60083073
0.21573160 5.61979592
0.21836250 5.63714350
0.22099335 5.65289508
0.22362425 5.66707181
0.22625510 5.67969412
0.22888600 5.69078127
0.23151685 5.70035110
0.23414775 5.70841973
0.23677859 5.71500124
0.23940949 5.72010751
0.24204034 5.72374798
0.24467124 5.72592948
0.24730209 5.72665618
0.24730209 5.72665618
0.24995163 5.72869009
0.25260114 5.73478819
0.25525069 5.74493955
0.25790020 5.75912573
0.26054974 5.77732044
0.26319925 5.79948911
0.26584880 5.82558830
0.26849834 5.85556517
0.27114785 5.88935679
0.27379740 5.92688946
0.27644691 5.96807810
0.27909645 6.01282564
0.28174596 6.06102247
0.28439551 6.11254605
0.28704505 6.16726052
0.28969456 6.22501662
0.29234411 6.28565154
0.29499362 6.34898911
0.29764316 6.41484006
0.30029271 6.48300244
0.30294222 6.55326216
0.30559176 6.62539379
0.30824127 6.69916135
0.31089082 6.77431930
0.31354033 6.85061365
0.31618987 6.92778307
0.31883942 7.00556018
0.32148893 7.08367280
0.32413847 7.16184536
0.32678798 7.23980021
0.32943753 7.31725903
0.33208704 7.39394420
0.33473658 7.46958018
0.33473658 7.46958018
0.33738613 7.54389489
0.34003564 7.61662097
0.34268518 7.68749712
0.34533469 7.75626928
0.34798424 7.82269185
0.35063375 7.88652879
0.35328329 7.94755465
0.35593284 8.00555558
0.35858235 8.06033020
0.36123189 8.11169048
0.36388140 8.09869499
0.36653095 8.03636195
0.36918046 7.97264300
0.37183000 7.90753198
0.37447955 7.84102390
0.37712906 7.77311515
0.37977860 7.70380362
0.38242811 7.63308900
0.38507766 7.56097288
0.38772720 7.48745894
0.39037671 7.41255311
0.39302626 7.33626370
0.39567577 7.25860151
0.39832531 7.17957995
0.40097482 7.09921513
0.40362437 7.01752587
0.40627391 6.93453381
0.40892342 6.85026338
0.41157297 6.76474181
0.41422248 6.67799913
0.41687202 6.59006811
0.41952153 6.50098416
0.42217107 6.41078531
0.42482062 6.31951206
0.42747013 6.22720725
0.43011967 6.13391594
0.43276918 6.03968521
0.43541873 5.94456403
0.43806824 5.84860302
0.44071778 5.75185427
0.44336733 5.65437110
0.44601684 5.55620785
0.44866638 5.45741960
0.45131589 5.35806198
0.45396544 5.25819089
0.45661495 5.15786222
0.45926449 5.05713163
0.46191404 4.95605429
0.46456355 4.85468461
0.46721309 4.75307601
0.46986260 4.65128067
0.47251215 4.54934930
0.47516169 4.44733094
0.47781120 4.34527272
0.48046075 4.24321967
0.48311026 4.14121458
0.48575980 4.03929780
0.48840931 3.93750712
0.49105886 3.83587765
0.49370840 3.73444169
0.49635791 3.63322871
0.49900746 3.53226524
0.50165697 3.43157487
0.50430651 3.33117822
0.50695602 3.23109296
0.50960557 3.13133384
0.51225511 3.03191277
0.51490462 2.93283884
0.51755417 2.83411848
0.52020368 2.73575551
0.52285322 2.63775132
0.52550273 2.54010499
0.52815228 2.44281342
0.53080182 2.34587154
0.53345133 2.24927246
0.53610088 2.15300762
0.53875039 2.06997350
0.54139993 1.98643423
0.54404944 1.90153286
0.54669899 1.81530825
0.54934853 1.72780299
0.55199804 1.63906322
0.55464759 1.54913846
0.55729710 1.45808150
0.55994664 1.36594816
0.56259619 1.27279712
0.56524570 1.17868978
0.56789524 1.08369001
0.57054475 0.98786402
0.57319430 0.89128015
0.57584381 0.79400865
0.57849335 0.69612154
0.58114290 0.59769237
0.58379241 0.49879605
0.58644195 0.39950868
0.58909146 0.29990729
0.59174100 0.20006971
0.59439051 0.10007435
0.59704006 0.00000013
0.59704006 0.00000013
0.59968412 0.09737465
0.60232821 0.19464478
0.60497227 0.29170638
0.60761637 0.38845641
0.61026042 0.48479326
0.61290448 0.58061731
0.61554858 0.67583130
0.61819263 0.77034083
0.62083673 0.86405478
0.62348079 0.95688573
0.62612485 1.04875034
0.62876894 1.13956974
0.63141300 1.22926987
0.63405710 1.31778176
0.63670115 1.40504185
0.63934521 1.49099223
0.64198931 1.57558083
0.64463336 1.65876163
0.64727746 1.74049473
0.64992152 1.82074652
0.65256557 1.89948966
0.65520967 1.97670311
0.65785373 2.05237208
0.66049778 2.12648793
0.66314188 2.19904803
0.66578594 2.27005558
0.66843004 2.33951935
0.67107409 2.40745341
0.67371815 2.47387679
0.67636225 2.53881312
0.67900630 2.60229019
0.68165040 2.66433952
0.68429446 2.72499583
0.68693851 2.78429656
0.68958261 2.84228131
0.69222667 2.89899122
0.69487077 2.95446847
0.69751482 3.00875563
0.70015888 3.06189504
0.70280298 3.11392828
0.70544703 3.16489555
0.70809113 3.21483510
0.71073519 3.26378272
0.71337924 3.31177119
0.71602334 3.35882986
0.71866740 3.40498420
0.72131150 3.45025543
0.72395555 3.49466019
0.72659961 3.53821033
0.72924371 3.58091266
0.73188776 3.62276882
0.73453186 3.66377528
0.73717592 3.70392323
0.73981997 3.74319877
0.74246407 3.78158293
0.74510813 3.81905191
0.74775223 3.85557733
0.75039628 3.89112651
0.75304034 3.92566283
0.75568444 3.95914612
0.75832849 3.99153308
0.76097255 4.02277776
0.76361665 4.05283202
0.76626070 4.08164608
0.76890480 4.10916898
0.77154886 4.13534919
0.77419291 4.16013505
0.77683701 4.18347537
0.77948107 4.20531991
0.78212517 4.22561987
0.78476922 4.24432844
0.78741328 4.26140116
0.79005738 4.27679646
0.79270143 4.29047598
0.79534553 4.30240498
0.79798959 4.31255266
0.80063364 4.32089244
0.80327774 4.32740224
0.80592180 4.33206466
0.80856590 4.33486717
0.81120995 4.33580218
0.81120995 4.33580218
0.81385950 4.33930143
0.81650904 4.34976942
0.81915852 4.36711771
0.82180806 4.39120143
0.82445761 4.42182300
0.82710715 4.45873698
0.82975670 4.50165581
0.83240617 4.55025612
0.83505572 4.60418538
0.83770526 4.66306852
0.84035481 4.72651432
0.84300428 4.79412145
0.84565383 4.86548388
0.84830337 4.94019575
0.85095292 5.01785550
0.85360246 5.09806940
0.85625194 5.18045438
0.85890148 5.26464034
0.86155103 5.35027186
0.86420057 5.43700950
0.86685012 5.52453070
0.86949959 5.61253028
0.87214914 5.70072078
0.87479868 5.78883245
0.87744823 5.87661315
0.88009770 5.96382805
0.88274724 6.05025930
0.88539679 6.13570552
0.88804633 6.21998128
0.89069588 6.30291658
0.89334535 6.38435620
0.89599490 6.46415910
0.89864444 6.54219782
0.90129399 6.61835779
0.90394353 6.69253675
0.90659301 6.76464406
0.90924255 6.83460010
0.91189210 6.90233563
0.91454164 6.96779115
0.91719119 7.03091628
0.91984066 7.09166915
0.92249021 7.15001580
0.92513975 7.20592955
0.92778930 7.25939039
0.93043877 7.31038444
0.93308832 7.35890333
0.93573786 7.40494360
0.93838741 7.44850619
0.94103695 7.48959586
0.94368643 7.52822061
0.94633597 7.56439123
0.94898552 7.59812070
0.95163506 7.62942377
0.95428461 7.65831641
0.95693408 7.68481543
0.95958363 7.70893798
0.96223317 7.73070118
0.96488272 7.75012172
0.96753219 7.76721554
0.97018174 7.78199745
0.97283128 7.79448093
0.97548083 7.80467778
0.97813037 7.81259797
0.98077985 7.81824946
0.98342939 7.82163802
0.98607894 7.82276714
0.98607894 7.82276714
0.98870979 7.75490136
0.99134068 7.68640599
0.99397153 7.61738780
0.99660243 7.54795954
0.99923328 7.47823953
1.00186418 7.40835131
1.00449503 7.33842301
1.00712593 7.26858685
1.00975678 7.19897840
1.01238768 7.12973586
1.01501852 7.06099923
1.01764942 6.99290948
1.02028027 6.92560754
1.02291117 6.85923341
1.02554202 6.79392511
1.02817292 6.72981769
1.03080377 6.66704219
1.03343467 6.60572464
1.03606551 6.54598506
1.03869641 6.48793656
1.04132726 6.43168443
1.04395816 6.37732539
1.04658901 6.32494691
1.04921991 6.27462659
1.05185076 6.22643181
1.05448166 6.18041939
1.05711251 6.13663547
1.05974340 6.09511556
1.06237425 6.05588476
1.06500515 6.01895808
1.06763600 5.98434103
1.07026690 5.95271865
1.07289775 5.92790859
1.07552865 5.90376476
1.07815950 5.88047035
1.08079039 5.85820843
1.08342124 5.83715965
1.08605214 5.81749981
1.08868299 5.79939751
1.09131389 5.78301163
1.09394474 5.76848903
1.09657564 5.75596224
1.09920649 5.74554738
1.10183739 5.73734224
1.10446823 5.73142464
1.10709913 5.72785118
1.10972998 5.72665618

0.00000000 0.00000016
0.00263085 0.19898741
0.00526175 0.39770005
0.00789260 0.59586488
0.01052350 0.79321226
0.01315434 0.98947761
0.01578524 1.18440312
0.01841609 1.37773930
0.02104699 1.56924651
0.02367784 1.75869652
0.02630874 1.94587384
0.02893959 2.13057707
0.03157049 2.31262013
0.03420133 2.49183335
0.03683223 2.66806450
0.03946308 2.84117963
0.04209398 3.01106382
0.04472483 3.17762175
0.04735573 3.34077813
0.04998658 3.50047795
0.05261748 3.65668659
0.05524833 3.80938972
0.05787922 3.95859301
0.06051007 4.10432170
0.06314097 4.24661992
0.06577182 4.38554989
0.06840272 4.52119083
0.07103357 4.65363782
0.07366447 4.78300038
0.07629532 4.90940094
0.07892621 5.03297313
0.08155706 5.15385996
0.08418796 5.27221189
0.08681881 5.38818477
0.08944971 5.50193778
0.09208056 5.61363124
0.09471146 5.72342455
0.09734231 5.83147399
0.09997321 5.93793071
0.10260405 6.04293877
0.10523495 6.14663326
0.10786580 6.24913862
0.11049670 6.35056713
0.11312755 6.45101759
0.11575845 6.55057425
0.11838930 6.64930592
0.12102020 6.74726540
0.12365105 6.84448913
0.12628189 6.94099711
0.12891279 7.03679303
0.13154364 7.13186472
0.13417454 7.22618475
0.13680539 7.31971125
0.13943629 7.41238901
0.14206714 7.50415058
0.14469804 7.59491764
0.14732888 7.68460242
0.14995978 7.77310923
0.15259063 7.86033598
0.15522153 7.94617579
0.15785238 8.03051860
0.16048328 8.11325266
0.16311413 8.19426610
0.16574503 8.27344833
0.16837588 8.35069138
0.17100677 8.42589118
0.17363762 8.49894863
0.17626852 8.56977063
0.17889937 8.63827089
0.18153027 8.70437068
0.18416112 8.76799936
0.18679202 8.82909477
0.18942287 8.88760355
0.19205376 8.94348114
0.19468461 8.99669184
0.19731551 9.04720858
0.19994636 9.09501261
0.20257726 9.14009310
0.20520811 9.18244657
0.20783901 9.22207627
0.21046986 9.25899144
0.21310076 9.29320655
0.21573160 9.32474041
0.21836250 9.35361529
0.22099335 9.37985605
0.22362425 9.40348915
0.22625510 9.42454182
0.22888600 9.44304113
0.23151685 9.45901317
0.23414775 9.47248227
0.23677859 9.48347029
0.23940949 9.49199603
0.24204034 9.49807463
0.24467124 9.50171725
0.24730209 9.50293070
0.24730209 9.50293070
0.24995163 9.50213972
0.25260114 9.49976758
0.25525069 9.49581671
0.25790020 9.49029113
0.26054974 9.48319638
0.26319925 9.47453949
0.26584880 9.46432888
0.26849834 9.45257428
0.27114785 9.43928661
0.27379740 9.42447784
0.27644691 9.40816090
0.27909645 9.39034946
0.28174596 9.37105787
0.28439551 9.35030090
0.28704505 9.32809364
0.28969456 9.30445131
0.29234411 9.27938909
0.29499362 9.25292194
0.29764316 9.22506443
0.30029271 9.19583063
0.30294222 9.16523389
0.30559176 9.13328673
0.30824127 9.10000070
0.31089082 9.06538628
0.31354033 9.02945275
0.31618987 8.99220811
0.31883942 8.95365901
0.32148893 8.91381072
0.32413847 8.87266705
0.32678798 8.83023039
0.32943753 8.78650169
0.33208704 8.74148048
0.33473658 8.69516495
0.33473658 8.69516495
0.33738613 8.64755201
0.34003564 8.59863734
0.34268518 8.54841556
0.34533469 8.49688034
0.34798424 8.44402450
0.35063375 8.38984022
0.35328329 8.33431920
0.35593284 8.27745281
0.35858235 8.21923235
0.36123189 8.15964918
0.36388140 8.15946241
0.36653095 8.20348669
0.36918046 8.24361931
0.37183000 8.27973203
0.37447955 8.31171270
0.37712906 8.33946565
0.37977860 8.36291180
0.38242811 8.38198879
0.38507766 8.39665098
0.38772720 8.40686934
0.39037671 8.41263123
0.39302626 8.41394013
0.39567577 8.41081519
0.39832531 8.40329077
0.40097482 8.39141580
0.40362437 8.37525310
0.40627391 8.35487855
0.40892342 8.33038023
0.41157297 8.30185744
0.41422248 8.26941961
0.41687202 8.23318518
0.41952153 8.19328036
0.42217107 8.14983784
0.42482062 8.10299549
0.42747013 8.05289492
0.43011967 7.99968007
0.43276918 7.94349576
0.43541873 7.88448619
0.43806824 7.82279351
0.44071778 7.75855633
0.44336733 7.69190830
0.44601684 7.62297676
0.44866638 7.55188135
0.45131589 7.47873287
0.45396544 7.40363205
0.45661495 7.32666858
0.45926449 7.24792016
0.46191404 7.16745178
0.46456355 7.08531510
0.46721309 7.00154799
0.46986260 6.91617429
0.47251215 6.82920372
0.47516169 6.74063196
0.47781120 6.65044093
0.48046075 6.55859926
0.48311026 6.46506293
0.48575980 6.36977606
0.48840931 6.27267188
0.49105886 6.17367381
0.49370840 6.07269671
0.49635791 5.96964821
0.49900746 5.86443013
0.50165697 5.75693997
0.50430651 5.64707247
0.50695602 5.53472117
0.50960557 5.41977997
0.51225511 5.30214477
0.51490462 5.18171491
0.51755417 5.05839473
0.52020368 4.93209499
0.52285322 4.80273419
0.52550273 4.67023984
0.52815228 4.53454964
0.53080182 4.39561250
0.53345133 4.25338950
0.53610088 4.10785466
0.53875039 3.95899570
0.54139993 3.80681450
0.54404944 3.65132763
0.54669899 3.49256658
0.54934853 3.33057799
0.55199804 3.16542368
0.55464759 2.99718056
0.55729710 2.82594054
0.55994664 2.65181013
0.56259619 2.47491013
0.56524570 2.29537511
0.56789524 2.11335278
0.57054475 1.92900340
0.57319430 1.74249896
0.57584381 1.55402234
0.57849335 1.36376648
0.58114290 1.17193336
0.58379241 0.97873300
0.58644195 0.78438242
0.58909146 0.58910452
0.59174100 0.39312693
0.59439051 0.19668088
0.59704006 0.00000016
0.59704006 0.00000016
0.59968412 0.19503542
0.60232821 0.38992264
0.60497227 0.58451410
0.60761637 0.77866349
0.61026042 0.97222636
0.61290448 1.16506073
0.61554858 1.35702770
0.61819263 1.54799196
0.62083673 1.73782237
0.62348079 1.92639248
0.62612485 2.11358096
0.62876894 2.29927208
0.63141300 2.48335610
0.63405710 2.66572960
0.63670115 2.84629585
0.63934521 3.02496498
0.64198931 3.20165430
0.64463336 3.37628836
0.64727746 3.54879909
0.64992152 3.71912585
0.65256557 3.88721538
0.65520967 4.05302177
0.65785373 4.21650630
0.66049778 4.37763723
0.66314188 4.53638960
0.66578594 4.69274489
0.66843004 4.84669067
0.67107409 4.99822021
0.67371815 5.14733199
0.67636225 5.29402922
0.67900630 5.43831931
0.68165040 5.58021329
0.68429446 5.71972521
0.68693851 5.85687148
0.68958261 5.99167030
0.69222667 6.12414094
0.69487077 6.25430315
0.69751482 6.38217643
0.70015888 6.50777946
0.70280298 6.63112945
0.70544703 6.75224154
0.70809113 6.87112825
0.71073519 6.98779892
0.71337924 7.10225926
0.71602334 7.21451092
0.71866740 7.32455107
0.72131150 7.43237212
0.72395555 7.53796145
0.72659961 7.64130120
0.72924371 7.74236815
0.73188776 7.84113369
0.73453186 7.93756379
0.73717592 8.03161908
0.73981997 8.12325502
0.74246407 8.21242209
0.74510813 8.29906605
0.74775223 8.38312826
0.75039628 8.46454610
0.75304034 8.54325334
0.75568444 8.61918065
0.75832849 8.69225608
0.76097255 8.76240564
0.76361665 8.82955382
0.76626070 8.89362421
0.76890480 8.95454008
0.77154886 9.01222501
0.77419291 9.06660349
0.77683701 9.11760151
0.77948107 9.16514718
0.78212517 9.20917131
0.78476922 9.24960796
0.78741328 9.28639495
0.79005738 9.31947443
0.79270143 9.34879328
0.79534553 9.37430357
0.79798959 9.39596297
0.80063364 9.41373503
0.80327774 9.42758956
0.80592180 9.43750278
0.80856590 9.44345760
0.81120995 9.44544369
0.81120995 9.44544369
0.81385950 9.44536812
0.81650904 9.44513775
0.81915852 9.44474160
0.82180806 9.44416150
0.82445761 9.44337230
0.82710715 9.44234204
0.82975670 9.44103238
0.83240617 9.43939890
0.83505572 9.43739156
0.83770526 9.43495524
0.84035481 9.43203021
0.84300428 9.42855278
0.84565383 9.42445588
0.84830337 9.41966972
0.85095292 9.41412243
0.85360246 9.40774080
0.85625194 9.40045093
0.85890148 9.39217892
0.86155103 9.38285158
0.86420057 9.37239712
0.86685012 9.36074578
0.86949959 9.34783048
0.87214914 9.33358750
0.87479868 9.31795699
0.87744823 9.30088362
0.88009770 9.28231703
0.88274724 9.26221241
0.88539679 9.24053091
0.88804633 9.21724008
0.89069588 9.19231427
0.89334535 9.16573499
0.89599490 9.13749123
0.89864444 9.10757975
0.90129399 9.07600536
0.90394353 9.04278116
0.90659301 9.00792877
0.90924255 8.97147857
0.91189210 8.93346988
0.91454164 8.89395121
0.91719119 8.85298054
0.91984066 8.81062556
0.92249021 8.76696404
0.92513975 8.72208423
0.92778930 8.67608542
0.93043877 8.62907854
0.93308832 8.58118702
0.93573786 8.53254784
0.93838741 8.48331279
0.94103695 8.43365015
0.94368643 8.38374667
0.94633597 8.33381007
0.94898552 8.28407204
0.95163506 8.23479180
0.95428461 8.18626023
0.95693408 8.13880450
0.95958363 8.09279296
0.96223317 8.04863981
0.96488272 8.00680869
0.96753219 7.96781390
0.97018174 7.93221720
0.97283128 7.90061773
0.97548083 7.87363232
0.97813037 7.85186436
0.98077985 7.83586142
0.98342939 7.82606591
0.98607894 7.82276714
0.98607894 7.82276714
0.98870979 7.88990285
0.99134068 7.95621442
0.99397153 8.02161443
0.99660243 8.08602208
0.99923328 8.14936324
1.00186418 8.21157039
1.00449503 8.27258244
1.00712593 8.33234461
1.00975678 8.39080818
1.01238768 8.44793022
1.01501852 8.50367327
1.01764942 8.55800506
1.02028027 8.61089809
1.02291117 8.66232928
1.02554202 8.71227959
1.02817292 8.76073358
1.03080377 8.80767907
1.03343467 8.85310669
1.03606551 8.89700953
1.03869641 8.93938273
1.04132726 8.98022314
1.04395816 9.01952901
1.04658901 9.05729961
1.04921991 9.09353501
1.05185076 9.12823578
1.05448166 9.16140280
1.05711251 9.19303700
1.05974340 9.22313929
1.06237425 9.25171033
1.06500515 9.27875052
1.06763600 9.30425985
1.07026690 9.32823791
1.07289775 9.35068388
1.07552865 9.37159648
1.07815950 9.39097407
1.08079039 9.40881466
1.08342124 9.42511597
1.08605214 9.43987553
1.08868299 9.45309074
1.09131389 9.46475895
1.09394474 9.47487758
1.09657564 9.48344420
1.09920649 9.49045657
1.10183739 9.49591277
1.10446823 9.49981122
1.10709913 9.50215077
1.10972998 9.50293070

