250  
1    

1    
 -0.0000000000000000   0.0070710678118655   0.0070710678118655
   0.0015506200   -0.0905795900   -0.0905795900
  -0.0013818300    0.0025163900    0.0025163900
  -0.0002438400    0.0000998000    0.0000998000
   0.0002393000    0.0000983100    0.0000983100
   0.0013722400    0.0024808500    0.0024808500
   0.0019322800   -0.0036420300    0.0019444700
  -0.0000876500    0.0001991400    0.0000307200
   0.0000003400    0.0000299500    0.0000303400
   0.0000887200    0.0000311000    0.0001980400
  -0.0019249500    0.0019493700   -0.0036431900
   0.0002348000   -0.0010085500    0.0001064700
  -0.0000322500    0.0001137900    0.0000624200
   0.0000318600    0.0000619800    0.0001123300
  -0.0002345900    0.0001054400   -0.0010090900
  -0.0000004400    0.0002867300    0.0002865400
  -0.0000073600   -0.0007671000   -0.0001359200
   0.0000003900    0.0002877900    0.0002858000
   0.0000064300   -0.0001353500   -0.0007673400
   0.0000439200    0.0000741600    0.0001007400
  -0.0000443200    0.0001008900    0.0000743900
   0.0005537600   -0.0022647700    0.0005644100
  -0.0005495900    0.0005757000   -0.0022658900
   0.0001401100    0.0000821200    0.0001465300
  -0.0000001500    0.0000299700    0.0000303200
  -0.0001398500    0.0001467800    0.0000833900
   0.0019322800    0.0019444700   -0.0036420300
  -0.0000876500    0.0000307200    0.0001991400
   0.0000003400    0.0000303400    0.0000299500
   0.0000887200    0.0001980400    0.0000311000
  -0.0019249500   -0.0036431900    0.0019493700
   0.0000931300   -0.0000868100   -0.0000868100
   0.0000051400    0.0000263900    0.0000263900
  -0.0000056200    0.0000260700    0.0000260700
  -0.0000940800   -0.0000871500   -0.0000871500
  -0.0000001400    0.0001367600    0.0001367600
   0.0001029000   -0.0000463400   -0.0000729500
  -0.0000004900    0.0000209600    0.0000207500
  -0.0001031700   -0.0000728300   -0.0000462900
   0.0000101700    0.0000462400    0.0000538700
  -0.0000104300    0.0000540200    0.0000461700
   0.0002847100    0.0000008100   -0.0000626700
  -0.0002864000   -0.0000627300    0.0000016000
  -0.0000010600    0.0000296300    0.0000425700
  -0.0000000900    0.0000334900    0.0000334100
   0.0000009600    0.0000427500    0.0000296000
   0.0000047500    0.0000162200    0.0000203800
  -0.0000009300    0.0000290600    0.0001365500
   0.0000111500    0.0000194000    0.0000470600
  -0.0000114300    0.0000473700    0.0000192100
  -0.0000007400    0.0001371500    0.0000285900
   0.0002348000    0.0001064700   -0.0010085500
  -0.0000322500    0.0000624200    0.0001137900
   0.0000318600    0.0001123300    0.0000619800
  -0.0002345900   -0.0010090900    0.0001054400
  -0.0000004400    0.0002865400    0.0002867300
   0.0001029000   -0.0000729500   -0.0000463400
  -0.0000004900    0.0000207500    0.0000209600
  -0.0001031700   -0.0000462900   -0.0000728300
   0.0000101700    0.0000538700    0.0000462400
  -0.0000104300    0.0000461700    0.0000540200
   0.0001588800   -0.0000409700   -0.0000409700
  -0.0001598600   -0.0000407100   -0.0000407100
  -0.0000062400    0.0000274000    0.0000274000
  -0.0000001200    0.0000343800    0.0000343800
   0.0000060000    0.0000273900    0.0000273900
   0.0000008100   -0.0001284100   -0.0001290700
  -0.0000079600    0.0000211300    0.0000490600
  -0.0000001800    0.0000244700    0.0000344100
  -0.0000001200    0.0000344200    0.0000244200
   0.0000073400    0.0000488100    0.0000209700
   0.0002333000   -0.0001149900    0.0000528600
  -0.0000030700    0.0000108500    0.0000615900
  -0.0000002300    0.0000335700    0.0000334400
   0.0000023900    0.0000615900    0.0000106400
  -0.0002339600    0.0000531500   -0.0001142800
  -0.0000073600   -0.0001359200   -0.0007671000
   0.0000003900    0.0002858000    0.0002877900
   0.0000064300   -0.0007673400   -0.0001353500
   0.0000439200    0.0001007400    0.0000741600
  -0.0000443200    0.0000743900    0.0001008900
   0.0002847100   -0.0000626700    0.0000008100
  -0.0002864000    0.0000016000   -0.0000627300
  -0.0000010600    0.0000425700    0.0000296300
  -0.0000000900    0.0000334100    0.0000334900
   0.0000009600    0.0000296000    0.0000427500
   0.0000008100   -0.0001290700   -0.0001284100
  -0.0000079600    0.0000490600    0.0000211300
  -0.0000001800    0.0000344100    0.0000244700
  -0.0000001200    0.0000244200    0.0000344200
   0.0000073400    0.0000209700    0.0000488100
   0.0001348000   -0.0000410500   -0.0000410500
   0.0000058000    0.0000275000    0.0000275000
  -0.0000001900    0.0000344400    0.0000344400
  -0.0000062800    0.0000272900    0.0000272900
  -0.0001353200   -0.0000407900   -0.0000407900
   0.0001150900   -0.0000851000   -0.0000343000
   0.0000082700    0.0000501800    0.0000502900
  -0.0000088700    0.0000503200    0.0000497100
  -0.0001153100   -0.0000341800   -0.0000849900
  -0.0000002700    0.0000207000    0.0000207400
   0.0005537600    0.0005644100   -0.0022647700
  -0.0005495900   -0.0022658900    0.0005757000
   0.0001401100    0.0001465300    0.0000821200
  -0.0000001500    0.0000303200    0.0000299700
  -0.0001398500    0.0000833900    0.0001467800
   0.0000047500    0.0000203800    0.0000162200
  -0.0000009300    0.0001365500    0.0000290600
   0.0000111500    0.0000470600    0.0000194000
  -0.0000114300    0.0000192100    0.0000473700
  -0.0000007400    0.0000285900    0.0001371500
   0.0002333000    0.0000528600   -0.0001149900
  -0.0000030700    0.0000615900    0.0000108500
  -0.0000002300    0.0000334400    0.0000335700
   0.0000023900    0.0000106400    0.0000615900
  -0.0002339600   -0.0001142800    0.0000531500
   0.0001150900   -0.0000343000   -0.0000851000
   0.0000082700    0.0000502900    0.0000501800
  -0.0000088700    0.0000497100    0.0000503200
  -0.0001153100   -0.0000849900   -0.0000341800
  -0.0000002700    0.0000207400    0.0000207000
   0.0001976200   -0.0000868100   -0.0000868100
  -0.0000008900    0.0001369500    0.0001369500
  -0.0001971500   -0.0000871500   -0.0000871500
  -0.0000055000    0.0000260500    0.0000260500
   0.0000053100    0.0000262000    0.0000262000
   0.0290102500    0.0364425600    0.0364425600
  -0.0303748200    0.0374539800    0.0374539800
   0.0006943700    0.0002569300    0.0002569300
   0.0000018900    0.0000067200    0.0000067200
  -0.0006901400    0.0002475100    0.0002475100
  -0.0001140300    0.0073311000    0.0071895100
   0.0000927000   -0.0003989300   -0.0002080300
  -0.0000021600   -0.0000061400   -0.0000387300
   0.0000007600   -0.0000383300   -0.0000067000
  -0.0000942500   -0.0002058500   -0.0003952900
   0.0004748100    0.0016763600    0.0004728700
   0.0000583900   -0.0001610500   -0.0000981900
   0.0000001100   -0.0000179300   -0.0000181000
  -0.0000576600   -0.0000977900   -0.0001593800
  -0.0004704100    0.0004709600    0.0016806400
  -0.0000414400    0.0007317800    0.0000481500
   0.0000597500   -0.0001598100   -0.0000646000
  -0.0000591600   -0.0000642900   -0.0001577100
   0.0000415300    0.0000482800    0.0007314800
   0.0000002700   -0.0001329800   -0.0001331000
  -0.0002192600    0.0009854900   -0.0002215300
   0.0000042900   -0.0004957400   -0.0004853600
   0.0002201400   -0.0002192600    0.0009868000
  -0.0000497600   -0.0000879400   -0.0000826700
   0.0000507500   -0.0000828800   -0.0000877800
  -0.0001140300    0.0071895100    0.0073311000
   0.0000927000   -0.0002080300   -0.0003989300
  -0.0000021600   -0.0000387300   -0.0000061400
   0.0000007600   -0.0000067000   -0.0000383300
  -0.0000942500   -0.0003952900   -0.0002058500
  -0.0003626400    0.0000597800    0.0000597800
   0.0000036200   -0.0000510800   -0.0000510800
   0.0000001100   -0.0000169200   -0.0000169200
  -0.0000032300   -0.0000506000   -0.0000506000
   0.0003631600    0.0000588300    0.0000588300
  -0.0001221500    0.0000198000    0.0001144600
   0.0000035600   -0.0000257800   -0.0000202900
  -0.0000030600   -0.0000201700   -0.0000255200
   0.0001222800    0.0001142600    0.0000202500
   0.0000000100   -0.0000668800   -0.0000665700
  -0.0001207300    0.0000213600    0.0000837700
   0.0000005700   -0.0000542300   -0.0000543000
   0.0001208200    0.0000835900    0.0000216100
   0.0000131700   -0.0000164500   -0.0000367300
  -0.0000128700   -0.0000368900   -0.0000163600
  -0.0004552500   -0.0000345700    0.0001570100
   0.0004575000    0.0001549500   -0.0000337600
   0.0000031200    0.0000003300   -0.0000695000
   0.0000001400   -0.0000295500   -0.0000293000
  -0.0000029500   -0.0000700100    0.0000005700
   0.0004748100    0.0004728700    0.0016763600
   0.0000583900   -0.0000981900   -0.0001610500
   0.0000001100   -0.0000181000   -0.0000179300
  -0.0000576600   -0.0001593800   -0.0000977900
  -0.0004704100    0.0016806400    0.0004709600
  -0.0001221500    0.0001144600    0.0000198000
   0.0000035600   -0.0000202900   -0.0000257800
  -0.0000030600   -0.0000255200   -0.0000201700
   0.0001222800    0.0000202500    0.0001142600
   0.0000000100   -0.0000665700   -0.0000668800
  -0.0000766100    0.0000587400    0.0000587400
   0.0000004300   -0.0000235300   -0.0000235300
   0.0000768800    0.0000587100    0.0000587100
   0.0000128400   -0.0000449900   -0.0000449900
  -0.0000124800   -0.0000449600   -0.0000449600
  -0.0001796200    0.0000565200    0.0000244300
   0.0001808500    0.0000240300    0.0000561400
   0.0000054100   -0.0000061900   -0.0000376200
   0.0000001700   -0.0000355100   -0.0000354800
  -0.0000051600   -0.0000375900   -0.0000061900
  -0.0000007100   -0.0000007400   -0.0000006600
   0.0000214600   -0.0000175700   -0.0000877000
  -0.0000071700   -0.0000188600   -0.0000501700
   0.0000075600   -0.0000503400   -0.0000188300
  -0.0000205000   -0.0000876900   -0.0000173300
  -0.0000414400    0.0000481500    0.0007317800
   0.0000597500   -0.0000646000   -0.0001598100
  -0.0000591600   -0.0001577100   -0.0000642900
   0.0000415300    0.0007314800    0.0000482800
   0.0000002700   -0.0001331000   -0.0001329800
  -0.0001207300    0.0000837700    0.0000213600
   0.0000005700   -0.0000543000   -0.0000542300
   0.0001208200    0.0000216100    0.0000835900
   0.0000131700   -0.0000367300   -0.0000164500
  -0.0000128700   -0.0000163600   -0.0000368900
  -0.0001796200    0.0000244300    0.0000565200
   0.0001808500    0.0000561400    0.0000240300
   0.0000054100   -0.0000376200   -0.0000061900
   0.0000001700   -0.0000354800   -0.0000355100
  -0.0000051600   -0.0000061900   -0.0000375900
  -0.0000006800    0.0000897000    0.0000897000
   0.0000141700   -0.0000173400   -0.0000173400
  -0.0000053500   -0.0000299600   -0.0000299600
   0.0000057200   -0.0000299600   -0.0000299600
  -0.0000135300   -0.0000171700   -0.0000171700
  -0.0001840400    0.0000462700    0.0000515600
   0.0000011600   -0.0000304400   -0.0000506700
   0.0000001800   -0.0000429900   -0.0000427900
  -0.0000005300   -0.0000506500   -0.0000301100
   0.0001845100    0.0000508900    0.0000461200
  -0.0002192600   -0.0002215300    0.0009854900
   0.0000042900   -0.0004853600   -0.0004957400
   0.0002201400    0.0009868000   -0.0002192600
  -0.0000497600   -0.0000826700   -0.0000879400
   0.0000507500   -0.0000877800   -0.0000828800
  -0.0004552500    0.0001570100   -0.0000345700
   0.0004575000   -0.0000337600    0.0001549500
   0.0000031200   -0.0000695000    0.0000003300
   0.0000001400   -0.0000293000   -0.0000295500
  -0.0000029500    0.0000005700   -0.0000700100
  -0.0000007100   -0.0000006600   -0.0000007400
   0.0000214600   -0.0000877000   -0.0000175700
  -0.0000071700   -0.0000501700   -0.0000188600
   0.0000075600   -0.0000188300   -0.0000503400
  -0.0000205000   -0.0000173300   -0.0000876900
  -0.0001840400    0.0000515600    0.0000462700
   0.0000011600   -0.0000506700   -0.0000304400
   0.0000001800   -0.0000427900   -0.0000429900
  -0.0000005300   -0.0000301100   -0.0000506500
   0.0001845100    0.0000461200    0.0000508900
  -0.0001338400    0.0001015800    0.0001015800
   0.0000181000   -0.0000909000   -0.0000909000
  -0.0000176800   -0.0000905600   -0.0000905600
   0.0001342600    0.0001014000    0.0001014000
   0.0000001200    0.0000204300    0.0000204300
