256  
4    

1    
  0.0025886711035978  -0.0044837098755168   0.0085554151079647
  -0.0308791800    0.0528770200   -0.0911330500
  -0.0004887400   -0.0015356000    0.0060424200
  -0.0006189800   -0.0004492600    0.0060315300
  -0.0007667700   -0.0031918500    0.0052482200
   0.0001502700   -0.0013063600    0.0063497000
  -0.0002511500    0.0026679300    0.0049380800
   0.0000376200   -0.0001941100    0.0064762500
   0.0001496700   -0.0000362000    0.0065088200
   0.0000673000   -0.0000845600    0.0064311600
   0.0001775500   -0.0002444000    0.0064915900
   0.0000399500    0.0014238100    0.0056307300
   0.0001092700   -0.0002822200    0.0064924900
  -0.0001203100   -0.0007103900    0.0067458700
   0.0001505800   -0.0001147700    0.0064671500
  -0.0000299700   -0.0001557500    0.0065163900
   0.0019858400    0.0032046700    0.0045399500
   0.0000779500   -0.0001337400    0.0070385200
  -0.0000030800   -0.0001615500    0.0068370100
   0.0000478000    0.0000021300    0.0069261600
  -0.0004744100    0.0002119200    0.0066989600
   0.0004851400    0.0002108900    0.0066690500
   0.0001335200    0.0000743500    0.0068670100
   0.0000042800    0.0000233800    0.0069628200
  -0.0000219800    0.0000018800    0.0069468700
  -0.0000330500    0.0000066500    0.0069044000
  -0.0000307200   -0.0000391200    0.0069149000
   0.0000113200   -0.0000520200    0.0069478500
  -0.0000191900    0.0000401800    0.0069548900
   0.0000347900   -0.0003480900    0.0067379500
   0.0000095100    0.0000360600    0.0069181700
   0.0000449100   -0.0000363600    0.0069116100
  -0.0002747800    0.0001852600    0.0067977600
   0.0000080600   -0.0000138900    0.0068808500
   0.0000066000    0.0000115500    0.0068808000
  -0.0000118100    0.0000189500    0.0068730800
   0.0000190900    0.0000032800    0.0068725500
  -0.0000056800   -0.0000075700    0.0068670500
  -0.0000035200   -0.0000275800    0.0068866000
  -0.0000004300    0.0000026800    0.0068682400
  -0.0000016100    0.0000316100    0.0068815900
   0.0000148900    0.0000047300    0.0068738300
   0.0000093700    0.0000096400    0.0068747500
  -0.0000109800   -0.0000079700    0.0068725900
  -0.0000142900   -0.0000041700    0.0068749500
   0.0000066600    0.0000076400    0.0068712200
  -0.0000017200    0.0000041400    0.0068669600
  -0.0000242300    0.0000162800    0.0068824300
   0.0000042700   -0.0000310900    0.0068824200
   0.0000773900   -0.0001329700    0.0070388800
   0.0000549500    0.0003275000    0.0065977000
   0.0000472200    0.0000016900    0.0069266400
   0.0000186700    0.0000410100    0.0069354000
   0.0000129100    0.0000523700    0.0069526100
  -0.0002812800   -0.0002320300    0.0065804900
  -0.0000007600   -0.0000100200    0.0069399100
   0.0000096900   -0.0000166800    0.0068908200
  -0.0000327000    0.0000064400    0.0069042700
  -0.0000352800    0.0000309300    0.0069553900
   0.0000113000   -0.0000513300    0.0069490600
   0.0000151400   -0.0000129700    0.0069154000
  -0.0000438500    0.0001286900    0.0067839500
  -0.0000219700    0.0000203500    0.0069570100
   0.0000202900    0.0000142100    0.0069535100
   0.0001403700   -0.0001446300    0.0067495600
   0.0001843500   -0.0008134600    0.0096275400
  -0.0016915100    0.0007652200    0.0059907100
  -0.0001542500   -0.0002025700    0.0071952300
  -0.0002235400   -0.0000897300    0.0070667900
   0.0002534900   -0.0001169300    0.0070450000
  -0.0000462600    0.0001207600    0.0070953300
   0.0001063800    0.0001944000    0.0072172400
   0.0000138900   -0.0000249600    0.0069345800
   0.0002102400   -0.0001885300    0.0071089600
  -0.0000092500    0.0000109100    0.0069084900
  -0.0000053500    0.0000665900    0.0069775700
  -0.0000747400    0.0001963800    0.0071530100
   0.0013351400    0.0003466300    0.0078128700
  -0.0000642800   -0.0000076400    0.0070824900
  -0.0000286500   -0.0000048000    0.0069429800
   0.0000019500    0.0000720100    0.0071078900
   0.0001805600    0.0039939700    0.0071374600
   0.0025001300   -0.0016563000    0.0085436400
  -0.0001008800    0.0000275700    0.0070902100
  -0.0000435900   -0.0001845600    0.0071712300
   0.0000731800   -0.0001852000    0.0070263200
  -0.0000416600    0.0001218200    0.0070953500
  -0.0000891600    0.0000463200    0.0072351500
   0.0000139000   -0.0000250000    0.0069350200
   0.0001563500    0.0000149600    0.0069860700
   0.0000245700   -0.0000088600    0.0069296300
  -0.0000053700    0.0001053100    0.0069573900
   0.0001202900    0.0000748200    0.0072761400
  -0.0028429800   -0.0020626200    0.0078394200
  -0.0000635000   -0.0000123100    0.0070846400
  -0.0000622500   -0.0000243700    0.0069433600
  -0.0000018200    0.0000734800    0.0071060500
  -0.0000032300   -0.0000656600    0.0068479900
  -0.0000057300    0.0000061000    0.0068705900
   0.0000252400   -0.0000084100    0.0068559100
   0.0000050300    0.0000869300    0.0068202900
  -0.0000112000    0.0000890200    0.0068165900
   0.0000887200   -0.0000367100    0.0068271900
   0.0000204300   -0.0000124700    0.0068596600
  -0.0000042000    0.0000066300    0.0068739800
  -0.0000568400   -0.0000200400    0.0068344100
   0.0000087100   -0.0000004400    0.0068716900
  -0.0000046700   -0.0000093000    0.0068750100
  -0.0000475100   -0.0000276300    0.0068416100
   0.0000285600    0.0000230800    0.0068593600
   0.0000378200   -0.0000486100    0.0068460600
  -0.0000041100    0.0000075700    0.0068733800
  -0.0000791400    0.0000013700    0.0068082200
  -0.0000032600   -0.0000507200    0.0068402800
   0.0000073300   -0.0000012500    0.0068781700
  -0.0000617400    0.0000289500    0.0068097500
  -0.0000072500   -0.0000077500    0.0068658200
   0.0000010700   -0.0000046700    0.0068690700
   0.0000064600   -0.0000844400    0.0068262100
  -0.0000563500    0.0000446000    0.0068064500
  -0.0000040800    0.0000063700    0.0068741600
   0.0000300300    0.0000165800    0.0068409600
   0.0000119600   -0.0000021000    0.0068735100
  -0.0000047100   -0.0000057000    0.0068728000
   0.0000291100    0.0000300700    0.0068346400
   0.0000156500    0.0000154900    0.0068589200
   0.0000377200    0.0000461700    0.0067957500
  -0.0000073600    0.0000060100    0.0068733500
   0.0000030700   -0.0000461300    0.0068572200
   0.0021550300   -0.0037225700    0.0475486400
   0.0002739300    0.0004818000   -0.0072082800
   0.0002074600    0.0000981200   -0.0069655300
   0.0002106900    0.0001890500   -0.0070468900
  -0.0002009900    0.0001603400   -0.0069224100
  -0.0002583000   -0.0004997100   -0.0073301000
  -0.0000092200    0.0000168800   -0.0068445900
  -0.0000080000    0.0000032000   -0.0068307000
  -0.0001692000    0.0000878000   -0.0068664600
  -0.0000184700    0.0000106700   -0.0068429100
   0.0000100900   -0.0002650000   -0.0070630000
  -0.0000020800    0.0000192000   -0.0068366600
  -0.0002404700    0.0002921600   -0.0070029700
  -0.0000079400    0.0000215900   -0.0068438900
   0.0000076900    0.0000074300   -0.0068411600
   0.0000905600   -0.0003981700   -0.0072502700
  -0.0003376300    0.0005855900   -0.0071223300
  -0.0000366400    0.0002285700   -0.0063248700
   0.0000251200    0.0000254300   -0.0068176800
   0.0005937800   -0.0003173100   -0.0058219300
  -0.0006557800   -0.0003430000   -0.0057816900
  -0.0001610500   -0.0000373900   -0.0063653500
   0.0000473400   -0.0000556000   -0.0068494900
   0.0000262700    0.0000128100   -0.0067904000
  -0.0000938100    0.0000609100   -0.0067987100
  -0.0000113200   -0.0000783300   -0.0068288000
  -0.0000038800    0.0000449600   -0.0068362200
  -0.0000084700   -0.0000638100   -0.0068200000
  -0.0000013500    0.0005191200   -0.0060329700
   0.0000320000    0.0000154000   -0.0068100600
   0.0000585900   -0.0000687600   -0.0068496600
   0.0003410400   -0.0001746500   -0.0061126100
  -0.0000085500    0.0000175100   -0.0067149300
  -0.0000159500   -0.0000118900   -0.0067395100
   0.0000172800   -0.0000187600   -0.0067153200
  -0.0000268000    0.0000000000   -0.0067487300
   0.0000120400    0.0000097000   -0.0067609100
   0.0000028200    0.0000402400   -0.0067275500
   0.0000036500   -0.0000010700   -0.0067350000
   0.0000007000   -0.0000325600   -0.0067009700
  -0.0000173100   -0.0000039000   -0.0067087200
  -0.0000235500   -0.0000103400   -0.0067182400
   0.0000135800    0.0000048900   -0.0067201500
   0.0000132500    0.0000085100   -0.0067187000
   0.0000001900   -0.0000082100   -0.0067561200
  -0.0000004400    0.0000104100   -0.0067259500
   0.0000391600   -0.0000199500   -0.0067098700
  -0.0000071100    0.0000422900   -0.0067327900
  -0.0000142900    0.0000260600   -0.0066589300
  -0.0000109900   -0.0001840700   -0.0066718200
   0.0000012700    0.0000212000   -0.0067431400
  -0.0000105700    0.0000203400   -0.0067641800
   0.0000109600    0.0000074300   -0.0067630000
   0.0001666200    0.0000984300   -0.0066726800
   0.0000078900   -0.0000002700   -0.0067516500
  -0.0000021100    0.0000165900   -0.0067431500
   0.0000023300    0.0000098200   -0.0067375100
  -0.0000115000   -0.0000007800   -0.0067506000
  -0.0000081600   -0.0000170400   -0.0067487500
  -0.0000119400   -0.0000003800   -0.0067479800
   0.0000113800   -0.0000936300   -0.0067167200
  -0.0000017100    0.0000168800   -0.0067463400
   0.0000071400   -0.0000004200   -0.0067559400
  -0.0000990300    0.0000470700   -0.0067185700
  -0.0000688300   -0.0002815000   -0.0071613500
   0.0009013200   -0.0004422500   -0.0068592200
  -0.0001047600    0.0000352600   -0.0070429700
  -0.0000354400    0.0000098300   -0.0070173400
   0.0000024600    0.0000185500   -0.0069995800
   0.0000530200   -0.0001345800   -0.0070415400
  -0.0000760000    0.0001030700   -0.0070606700
  -0.0000087400    0.0000124000   -0.0070293200
   0.0000322200    0.0000223400   -0.0070118500
   0.0000364800   -0.0000168300   -0.0070347500
  -0.0000054900   -0.0000392400   -0.0070386300
   0.0000195000    0.0000795300   -0.0070480600
  -0.0003801900   -0.0000621300   -0.0070101100
   0.0000710600   -0.0000037400   -0.0070461100
  -0.0000056400    0.0000073700   -0.0070365500
   0.0000017600   -0.0000840500   -0.0070342400
   0.0023480600   -0.0112883500   -0.0025109600
   0.0368208800   -0.0239015800    0.0145822100
   0.0005467600    0.0004031000   -0.0064410900
   0.0012390200    0.0001845900   -0.0061283600
  -0.0004110600    0.0000739600   -0.0066917400
  -0.0001596600    0.0003429400   -0.0064884400
  -0.0003981400   -0.0014516200   -0.0058762600
  -0.0000850400    0.0001458400   -0.0065969200
  -0.0001545700    0.0000294500   -0.0068478500
  -0.0001270100    0.0000879800   -0.0066627000
  -0.0000137800    0.0001467800   -0.0066968800
   0.0005884600   -0.0016977300   -0.0057194700
  -0.0115623900   -0.0120311000    0.0059405100
  -0.0001895800    0.0001309500   -0.0064601600
  -0.0000114600    0.0000239700   -0.0066805100
  -0.0000822200    0.0002641000   -0.0065184000
   0.0000153100    0.0001403600   -0.0071823600
   0.0000396100   -0.0000421900   -0.0070750800
  -0.0000561100    0.0000192100   -0.0070030700
   0.0000222900   -0.0001396200   -0.0068875400
   0.0000056200   -0.0001428300   -0.0068830700
  -0.0001400500    0.0000697800   -0.0068834700
  -0.0000573700    0.0000102200   -0.0070079200
   0.0000112500   -0.0000213600   -0.0071360700
   0.0000990300    0.0000300400   -0.0069422400
   0.0000030300    0.0000000100   -0.0070263000
  -0.0000035000    0.0000558300   -0.0070608300
   0.0000999500    0.0000161100   -0.0069485900
  -0.0000701500   -0.0000771000   -0.0071289300
  -0.0000659200    0.0000640800   -0.0069277700
  -0.0000285400   -0.0000108300   -0.0070443200
   0.0001244300    0.0000025000   -0.0068395500
  -0.0000010900    0.0000240000   -0.0069942100
   0.0000043500   -0.0000027100   -0.0069788100
   0.0000325400   -0.0000172100   -0.0069902900
   0.0000023100   -0.0000010000   -0.0070042700
  -0.0000033200   -0.0000001000   -0.0070073200
  -0.0000023100    0.0000342300   -0.0070134300
   0.0000297300   -0.0000207900   -0.0069876900
   0.0000018800   -0.0000051100   -0.0069818100
  -0.0000183800   -0.0000084100   -0.0069990200
   0.0000005400   -0.0000061400   -0.0069934200
   0.0000033000    0.0000004800   -0.0069968600
  -0.0000150200   -0.0000115800   -0.0069966200
  -0.0000140300   -0.0000071200   -0.0069858000
  -0.0000160300   -0.0000320800   -0.0070062600
   0.0000012400   -0.0000088600   -0.0069954400
   0.0000065200    0.0000131800   -0.0070225100

1    
 -0.0025886711035978   0.0044837098755168  -0.0085554151079647
   0.0296481900   -0.0519503200    0.1066432200
   0.0004976500    0.0015286800    0.0077191300
   0.0006215900    0.0004517400    0.0077188100
   0.0007592000    0.0031981200    0.0085051900
  -0.0001536100    0.0013129100    0.0074030600
   0.0002441300   -0.0026628100    0.0088190000
  -0.0000377100    0.0001960700    0.0072737600
  -0.0001492300    0.0000366700    0.0072414300
  -0.0000705600    0.0000870800    0.0073199000
  -0.0001760600    0.0002432700    0.0072561300
  -0.0000400400   -0.0014209200    0.0081170000
  -0.0001090800    0.0002839400    0.0072567300
   0.0001148200    0.0007124700    0.0070090700
  -0.0001495900    0.0001144800    0.0072798200
   0.0000295200    0.0001551500    0.0072304700
  -0.0019747800   -0.0031915600    0.0092115200
  -0.0000763300    0.0001343000    0.0067127300
   0.0000031800    0.0001619500    0.0069125900
  -0.0000490200   -0.0000008900    0.0068230400
   0.0004739600   -0.0002119400    0.0070518100
  -0.0004855700   -0.0002124300    0.0070811400
  -0.0001326400   -0.0000718600    0.0068829900
  -0.0000035800   -0.0000222000    0.0067863900
   0.0000217600    0.0000006600    0.0068009400
   0.0000341000   -0.0000052000    0.0068436900
   0.0000310100    0.0000399000    0.0068339700
  -0.0000114400    0.0000533900    0.0068008000
   0.0000184500   -0.0000390200    0.0067945400
  -0.0000346600    0.0003490100    0.0070113000
  -0.0000091300   -0.0000363400    0.0068303500
  -0.0000453700    0.0000376700    0.0068378400
   0.0002729200   -0.0001827000    0.0069521300
  -0.0000088300    0.0000146100    0.0068679400
  -0.0000077000   -0.0000104000    0.0068679900
   0.0000117300   -0.0000185100    0.0068760700
  -0.0000188800   -0.0000020400    0.0068762400
   0.0000062900    0.0000088300    0.0068825100
   0.0000041400    0.0000292200    0.0068629100
   0.0000009900   -0.0000005900    0.0068809800
   0.0000020400   -0.0000307800    0.0068679200
  -0.0000149300   -0.0000031400    0.0068757100
  -0.0000093900   -0.0000088600    0.0068755900
   0.0000106100    0.0000093700    0.0068766500
   0.0000150900    0.0000051200    0.0068743500
  -0.0000070100   -0.0000064500    0.0068779500
   0.0000013500   -0.0000027800    0.0068820600
   0.0000233900   -0.0000153500    0.0068665300
  -0.0000037800    0.0000314000    0.0068664100
  -0.0000774600    0.0001349700    0.0067139300
  -0.0000546200   -0.0003251300    0.0071500800
  -0.0000468900   -0.0000010100    0.0068236200
  -0.0000171200   -0.0000407200    0.0068123500
  -0.0000148600   -0.0000528000    0.0067948400
   0.0002803500    0.0002330200    0.0071672900
   0.0000013600    0.0000108800    0.0068103800
  -0.0000100600    0.0000181800    0.0068595100
   0.0000324500   -0.0000050900    0.0068453900
   0.0000355000   -0.0000305700    0.0067952000
  -0.0000111900    0.0000531000    0.0068011500
  -0.0000155200    0.0000137300    0.0068344400
   0.0000433600   -0.0001259100    0.0069638400
   0.0000222100   -0.0000193600    0.0067924700
  -0.0000205000   -0.0000137200    0.0067961300
  -0.0001394200    0.0001456500    0.0069980000
  -0.0001833100    0.0008241300    0.0040110200
   0.0016858600   -0.0007600400    0.0076779200
   0.0001573100    0.0002037100    0.0064957200
   0.0002265600    0.0000883800    0.0066239300
  -0.0002558700    0.0001151500    0.0066458200
   0.0000437900   -0.0001201100    0.0065969100
  -0.0001061200   -0.0001998400    0.0064747300
  -0.0000132700    0.0000239600    0.0067567100
  -0.0002125400    0.0001897200    0.0065814400
   0.0000098500   -0.0000114300    0.0067831800
   0.0000063700   -0.0000674600    0.0067136200
   0.0000748100   -0.0002019900    0.0065392000
  -0.0013380700   -0.0003476200    0.0058481300
   0.0000626400    0.0000059800    0.0066109600
   0.0000273400    0.0000027100    0.0067488200
  -0.0000017400   -0.0000720000    0.0065837600
  -0.0001866600   -0.0040021900    0.0065677900
  -0.0024634700    0.0016348200    0.0051837000
   0.0001021500   -0.0000266000    0.0065998300
   0.0000453400    0.0001844000    0.0065196700
  -0.0000746000    0.0001846300    0.0066645500
   0.0000422600   -0.0001242400    0.0065980200
   0.0000886500   -0.0000493100    0.0064550800
  -0.0000144500    0.0000226100    0.0067572200
  -0.0001566900   -0.0000157700    0.0067048900
  -0.0000249200    0.0000071800    0.0067634500
   0.0000049900   -0.0001078900    0.0067357000
  -0.0001210100   -0.0000765100    0.0064148800
   0.0028253700    0.0020592000    0.0058745500
   0.0000634500    0.0000104800    0.0066089300
   0.0000618900    0.0000228300    0.0067496000
   0.0000014100   -0.0000761700    0.0065864600
   0.0000031200    0.0000631600    0.0068447100
   0.0000051600   -0.0000072100    0.0068220300
  -0.0000250900    0.0000072800    0.0068367300
  -0.0000048400   -0.0000888300    0.0068730100
   0.0000114000   -0.0000907900    0.0068770600
  -0.0000892300    0.0000348800    0.0068655700
  -0.0000202700    0.0000110200    0.0068329200
   0.0000045800   -0.0000078100    0.0068181500
   0.0000567900    0.0000188300    0.0068585900
  -0.0000085500   -0.0000002300    0.0068207700
   0.0000054900    0.0000072300    0.0068171600
   0.0000474500    0.0000258400    0.0068507900
  -0.0000280800   -0.0000243000    0.0068341900
  -0.0000381900    0.0000468100    0.0068485500
   0.0000035400   -0.0000095200    0.0068186900
   0.0000790200   -0.0000030400    0.0068847300
   0.0000035600    0.0000495400    0.0068525100
  -0.0000072200   -0.0000002700    0.0068143600
   0.0000614300   -0.0000304300    0.0068829700
   0.0000071000    0.0000056300    0.0068260200
  -0.0000006800    0.0000022500    0.0068224600
  -0.0000069100    0.0000831600    0.0068646600
   0.0000567700   -0.0000455700    0.0068852600
   0.0000045500   -0.0000075100    0.0068184200
  -0.0000297500   -0.0000177600    0.0068506700
  -0.0000115700    0.0000005600    0.0068186400
   0.0000052400    0.0000041700    0.0068195300
  -0.0000293000   -0.0000315300    0.0068580700
  -0.0000159500   -0.0000173800    0.0068332600
  -0.0000381400   -0.0000478000    0.0068958800
   0.0000066800   -0.0000082700    0.0068196400
  -0.0000034400    0.0000446800    0.0068354300
  -0.0020451000    0.0035522800   -0.0628081100
  -0.0002822200   -0.0004684500   -0.0062414300
  -0.0002102800   -0.0000961100   -0.0064857500
  -0.0002127200   -0.0001900700   -0.0064020100
   0.0002018400   -0.0001608900   -0.0065245500
   0.0002468900    0.0005038100   -0.0061184600
   0.0000093800   -0.0000131300   -0.0066082700
   0.0000075300    0.0000010400   -0.0066208300
   0.0001713700   -0.0000850200   -0.0065839500
   0.0000182900   -0.0000063600   -0.0066102800
  -0.0000097200    0.0002709600   -0.0063881100
   0.0000019300   -0.0000152500   -0.0066135000
   0.0002473400   -0.0002831000   -0.0064445700
   0.0000086300   -0.0000179800   -0.0066073300
  -0.0000060800   -0.0000031500   -0.0066120100
  -0.0000842200    0.0004049600   -0.0061992100
   0.0003309500   -0.0005737800   -0.0063242800
   0.0000335900   -0.0002277000   -0.0071237000
  -0.0000251500   -0.0000219700   -0.0066335500
  -0.0005954400    0.0003247800   -0.0076330200
   0.0006600100    0.0003503900   -0.0076726200
   0.0001626500    0.0000453000   -0.0070845200
  -0.0000482400    0.0000603500   -0.0066026300
  -0.0000257900   -0.0000097900   -0.0066603600
   0.0000934400   -0.0000569000   -0.0066533500
   0.0000114300    0.0000824000   -0.0066238900
   0.0000035300   -0.0000409000   -0.0066151300
   0.0000093000    0.0000680200   -0.0066325200
   0.0000026500   -0.0005184600   -0.0074177100
  -0.0000320500   -0.0000112800   -0.0066430700
  -0.0000589100    0.0000730000   -0.0066042000
  -0.0003420000    0.0001791400   -0.0073379600
   0.0000092200   -0.0000145900   -0.0067368600
   0.0000159000    0.0000157600   -0.0067141600
  -0.0000179800    0.0000231100   -0.0067388100
   0.0000262000    0.0000045800   -0.0067038500
  -0.0000118000   -0.0000050900   -0.0066911500
  -0.0000027500   -0.0000368800   -0.0067241900
  -0.0000040000    0.0000047500   -0.0067165100
  -0.0000006300    0.0000367800   -0.0067516300
   0.0000169900    0.0000075300   -0.0067438700
   0.0000231500    0.0000145900   -0.0067348800
  -0.0000135400   -0.0000018400   -0.0067316900
  -0.0000139800   -0.0000043700   -0.0067336200
   0.0000008100    0.0000120100   -0.0066958100
   0.0000012300   -0.0000063600   -0.0067258300
  -0.0000386000    0.0000251900   -0.0067425200
   0.0000068500   -0.0000375800   -0.0067183700
   0.0000134500   -0.0000227300   -0.0067920600
   0.0000105700    0.0001866500   -0.0067817300
  -0.0000009100   -0.0000169500   -0.0067089500
   0.0000091500   -0.0000158500   -0.0066870000
  -0.0000091100   -0.0000030600   -0.0066891600
  -0.0001658300   -0.0000938600   -0.0067796300
  -0.0000085100    0.0000047900   -0.0067006000
   0.0000019300   -0.0000127000   -0.0067088900
  -0.0000019100   -0.0000057000   -0.0067147700
   0.0000110300    0.0000048100   -0.0066995000
   0.0000079300    0.0000210900   -0.0067027000
   0.0000124700    0.0000042200   -0.0067047100
  -0.0000109200    0.0000966300   -0.0067347100
   0.0000012300   -0.0000122500   -0.0067052200
  -0.0000075300    0.0000035400   -0.0066950500
   0.0000991300   -0.0000425400   -0.0067315600
   0.0000696700    0.0002903800   -0.0068303100
  -0.0008954000    0.0004354400   -0.0071321200
   0.0001039500   -0.0000389900   -0.0069471400
   0.0000347500   -0.0000151900   -0.0069722900
  -0.0000020400   -0.0000231300   -0.0069907000
  -0.0000517400    0.0001311300   -0.0069491200
   0.0000752900   -0.0001049000   -0.0069290900
   0.0000082400   -0.0000162600   -0.0069591500
  -0.0000313200   -0.0000260000   -0.0069779000
  -0.0000363200    0.0000125700   -0.0069538300
   0.0000056200    0.0000359700   -0.0069512700
  -0.0000185900   -0.0000809600   -0.0069406400
   0.0003738100    0.0000540600   -0.0069817100
  -0.0000712200    0.0000000200   -0.0069431400
   0.0000059300   -0.0000114300   -0.0069506800
  -0.0000026400    0.0000813500   -0.0069540100
  -0.0022960000    0.0110906800   -0.0115390600
  -0.0356916300    0.0233237600   -0.0283879400
  -0.0005486700   -0.0004095700   -0.0075468600
  -0.0012406900   -0.0001862600   -0.0078583400
   0.0004144200   -0.0000776900   -0.0072982000
   0.0001548200   -0.0003482700   -0.0074983500
   0.0003963000    0.0014451800   -0.0081079900
   0.0000855200   -0.0001495700   -0.0073922900
   0.0001568000   -0.0000346200   -0.0071414800
   0.0001253400   -0.0000895500   -0.0073251500
   0.0000138300   -0.0001505600   -0.0072913800
  -0.0005874300    0.0016880800   -0.0082643700
   0.0115166900    0.0120173100   -0.0200622400
   0.0001884200   -0.0001331100   -0.0075276700
   0.0000116500   -0.0000262200   -0.0073079300
   0.0000846800   -0.0002684300   -0.0074713200
  -0.0000151900   -0.0001426600   -0.0068062900
  -0.0000387000    0.0000375100   -0.0069140000
   0.0000563600   -0.0000226000   -0.0069870400
  -0.0000216800    0.0001370500   -0.0071023200
  -0.0000069300    0.0001401100   -0.0071057800
   0.0001396300   -0.0000733200   -0.0071056700
   0.0000576400   -0.0000143700   -0.0069818700
  -0.0000116800    0.0000179100   -0.0068513000
  -0.0000996400   -0.0000329300   -0.0070476800
  -0.0000030700   -0.0000032400   -0.0069622300
   0.0000034000   -0.0000598200   -0.0069287400
  -0.0001002400   -0.0000202800   -0.0070389900
   0.0000698000    0.0000726700   -0.0068604100
   0.0000663100   -0.0000668600   -0.0070607400
   0.0000293200    0.0000079900   -0.0069443600
  -0.0001241800   -0.0000061800   -0.0071490000
   0.0000014300   -0.0000279400   -0.0069945000
  -0.0000040400   -0.0000002000   -0.0070107900
  -0.0000318600    0.0000142300   -0.0070006400
  -0.0000023300   -0.0000025800   -0.0069854900
   0.0000038400   -0.0000034300   -0.0069832600
   0.0000022700   -0.0000377400   -0.0069751400
  -0.0000302800    0.0000165100   -0.0070001700
  -0.0000025100    0.0000016500   -0.0070073200
   0.0000179300    0.0000043400   -0.0069899800
  -0.0000012000    0.0000025400   -0.0069947500
  -0.0000032000   -0.0000043300   -0.0069905800
   0.0000145300    0.0000081600   -0.0069934900
   0.0000149300    0.0000035100   -0.0070015900
   0.0000165200    0.0000282700   -0.0069835500
  -0.0000010100    0.0000054400   -0.0069944000
  -0.0000071600   -0.0000161100   -0.0069679700

129  
  0.0025886711035978  -0.0044837098755168   0.0085554151079647
   0.0020521600   -0.0035471600    0.0629470100
  -0.0002243500   -0.0000930900    0.0065355500
  -0.0001506100   -0.0001115500    0.0066335900
  -0.0004803400    0.0000628200    0.0064050900
   0.0005161300    0.0000483500    0.0062392100
  -0.0000359300    0.0002023500    0.0066993700
   0.0000013300    0.0000081100    0.0067639100
  -0.0000069000    0.0000112500    0.0067513200
   0.0001904600   -0.0001222600    0.0065135500
   0.0000033400    0.0000193900    0.0067624900
   0.0000111600    0.0001472100    0.0067540100
  -0.0000108300    0.0000112800    0.0067577800
   0.0002363200   -0.0002932400    0.0063051300
  -0.0000076000   -0.0000045600    0.0067664400
  -0.0000131000    0.0000162700    0.0067581000
  -0.0001266900    0.0002741700    0.0066352800
  -0.0000127000    0.0000247700    0.0069404300
  -0.0000127000    0.0000011800    0.0068292500
  -0.0000158100    0.0000082300    0.0068570600
   0.0001533200   -0.0000787100    0.0069359400
  -0.0001511900   -0.0000906400    0.0069361400
   0.0000035500    0.0000033300    0.0068300700
  -0.0000092200    0.0000072800    0.0068555900
  -0.0000002000   -0.0000062000    0.0068452900
   0.0000200800   -0.0000032000    0.0068524800
   0.0000048600    0.0000061800    0.0068526700
  -0.0000072800    0.0000004800    0.0068630700
   0.0000069700    0.0000067800    0.0068495300
   0.0000140500    0.0000906200    0.0068823900
  -0.0000013600   -0.0000045500    0.0068467200
  -0.0000074700    0.0000061100    0.0068595100
   0.0000648100   -0.0000483200    0.0068827800
  -0.0000083700    0.0000149300    0.0068866500
   0.0000216600    0.0000246100    0.0068510700
   0.0000049900   -0.0000300500    0.0068858500
   0.0000238100    0.0000084000    0.0068613500
  -0.0000377200    0.0000165900    0.0068701900
  -0.0000104100   -0.0000128300    0.0068416500
   0.0000297000   -0.0000168700    0.0068958000
  -0.0000000900   -0.0000041500    0.0068679500
  -0.0000034900   -0.0000140500    0.0068835000
   0.0000295100    0.0000142400    0.0068820500
   0.0000145600    0.0000175000    0.0068888300
  -0.0000127000   -0.0000071100    0.0068819900
  -0.0000348300    0.0000291800    0.0068654700
   0.0000019500   -0.0000532400    0.0068897600
  -0.0000114900    0.0000059700    0.0068741200
   0.0000079900   -0.0000103300    0.0068464100
  -0.0003327000    0.0005768200    0.0064695300
  -0.0001177500   -0.0007651700    0.0077652600
  -0.0000335600   -0.0000119500    0.0067811900
  -0.0002518900    0.0001296900    0.0072854200
   0.0002165500    0.0001195800    0.0072894200
   0.0006310800    0.0005121800    0.0077617400
  -0.0000164700   -0.0000277200    0.0067977800
   0.0000326000   -0.0000753200    0.0067450800
  -0.0000329500    0.0000224300    0.0067636400
   0.0000760700   -0.0000184900    0.0067799500
  -0.0000031000    0.0001114400    0.0067991000
   0.0000650800   -0.0000368800    0.0067710700
   0.0000570500   -0.0004875200    0.0075287200
   0.0000271000   -0.0000864200    0.0067589000
  -0.0000360000   -0.0000103500    0.0068009400
  -0.0004478100    0.0003461800    0.0075208300
   0.0023571700   -0.0427706300    0.0281442900
   0.0082776600   -0.0074312700    0.0114964600
  -0.0007958600   -0.0009838000    0.0077151800
  -0.0006103100   -0.0002747000    0.0073905800
   0.0014363400   -0.0003979700    0.0079540100
  -0.0002372700    0.0002964900    0.0073502400
   0.0001428200    0.0004025900    0.0071523800
  -0.0000845200    0.0001449000    0.0072452400
   0.0011878900   -0.0013419300    0.0081159800
  -0.0001524200    0.0001025100    0.0071616400
  -0.0000125400    0.0001155000    0.0071583700
   0.0000494600    0.0001441600    0.0069893900
   0.0163495900    0.0040647400    0.0199202200
  -0.0001883800    0.0002211300    0.0073303500
   0.0000162500    0.0000382500    0.0071602700
  -0.0000033800    0.0002177800    0.0073695700
  -0.0000684700   -0.0009290000    0.0070195300
   0.0003451300   -0.0001214200    0.0066478200
   0.0000038000    0.0000412000    0.0068274600
   0.0000207700    0.0000979200    0.0067931000
  -0.0000521200    0.0001074900    0.0067759000
   0.0000810600   -0.0001173800    0.0067995400
  -0.0000268100    0.0000062300    0.0068438800
  -0.0000071200    0.0000140100    0.0068109300
  -0.0000748400    0.0000275600    0.0067941800
   0.0000354100   -0.0000161300    0.0068034800
  -0.0000054900   -0.0000422000    0.0068043900
  -0.0000277700   -0.0000164300    0.0068270200
   0.0001788900    0.0002603400    0.0068335500
   0.0000711000   -0.0000358800    0.0068106000
  -0.0000031300    0.0000089100    0.0068038600
  -0.0000239400   -0.0000684800    0.0067885100
   0.0000004500   -0.0000058700    0.0068621800
  -0.0000199700    0.0000115000    0.0068471900
   0.0000006500   -0.0000055000    0.0068354000
  -0.0000019000   -0.0000341100    0.0068525900
   0.0000015900   -0.0000350100    0.0068534800
  -0.0000295100    0.0000173400    0.0068270500
   0.0000030100    0.0000008200    0.0068332800
   0.0000030600   -0.0000061900    0.0068597500
   0.0000147200    0.0000047200    0.0068449000
  -0.0000037900   -0.0000034900    0.0068433400
   0.0000041000   -0.0000056100    0.0068460300
   0.0000132700    0.0000092600    0.0068419800
   0.0000118400    0.0000071500    0.0068558000
  -0.0000152600   -0.0000000100    0.0068183600
   0.0000077400   -0.0000059900    0.0068449800
   0.0000346200   -0.0000040600    0.0068352400
   0.0000161600   -0.0000605900    0.0067627100
  -0.0001333500    0.0000581200    0.0066607600
   0.0001341900   -0.0000858000    0.0069482300
   0.0000178400    0.0000711500    0.0068403500
   0.0000113900    0.0000726800    0.0068443400
   0.0000069600    0.0001546300    0.0069563200
   0.0001236500   -0.0000993300    0.0069446500
   0.0000123100   -0.0000217300    0.0067035100
  -0.0000894700   -0.0000794900    0.0068980100
  -0.0000501300    0.0000305400    0.0067806800
  -0.0000017900   -0.0000062200    0.0068118200
  -0.0000794400   -0.0000880100    0.0068908400
   0.0001039800    0.0000229700    0.0067120900
  -0.0000658100   -0.0001055800    0.0070014200
   0.0000262900    0.0000189300    0.0067960600
  -0.0000221400    0.0000868800    0.0069123200
  -0.0295936600    0.0506513800   -0.1040367400
   0.0030000700   -0.0008336300   -0.0084804700
   0.0006907000    0.0002238700   -0.0074845900
   0.0013760600   -0.0002057500   -0.0076621700
  -0.0020413500    0.0016117600   -0.0087247700
   0.0009737000   -0.0006957400   -0.0074178100
  -0.0000185400   -0.0001110400   -0.0070486600
   0.0001080200   -0.0000930100   -0.0070719400
  -0.0011593300    0.0005821700   -0.0078538200
   0.0000867100   -0.0001943300   -0.0070598800
   0.0000767100   -0.0001179400   -0.0071115400
   0.0001306600   -0.0001701100   -0.0070609900
  -0.0036590300   -0.0000991000   -0.0091326100
   0.0001069100   -0.0000428600   -0.0070449400
   0.0000250000   -0.0001354100   -0.0070741500
   0.0005732900   -0.0001490500   -0.0070091000
   0.0000683800   -0.0001164600   -0.0066074500
  -0.0000369700    0.0000078500   -0.0066399600
  -0.0000193300   -0.0000323900   -0.0066857000
  -0.0002428400    0.0001186600   -0.0069782300
   0.0002761900    0.0001295100   -0.0069944200
  -0.0000497300    0.0000059600   -0.0066251700
   0.0000068100   -0.0000141700   -0.0067077000
   0.0000099100   -0.0000072200   -0.0066667200
   0.0000362800   -0.0000299200   -0.0066647700
  -0.0000052500    0.0000497200   -0.0066581100
   0.0000102800    0.0000233800   -0.0067066500
   0.0000088400   -0.0000167900   -0.0066880800
   0.0000359400   -0.0001643800   -0.0068260500
  -0.0000224200   -0.0000110000   -0.0066588000
  -0.0000095800    0.0000325700   -0.0066548700
  -0.0000734300    0.0000676700   -0.0067952700
   0.0000082100   -0.0000112800   -0.0067301000
  -0.0000117000   -0.0000137100   -0.0067303900
  -0.0000056500    0.0000196000   -0.0067286600
  -0.0000106500   -0.0000009100   -0.0067222500
   0.0000235500   -0.0000104300   -0.0067185700
   0.0000093500    0.0000031800   -0.0067363900
  -0.0000248400    0.0000162200   -0.0067204000
  -0.0000003700    0.0000001700   -0.0067347100
   0.0000090200    0.0000076400   -0.0067300300
  -0.0000119400   -0.0000046600   -0.0067276800
  -0.0000089500   -0.0000100000   -0.0067260200
   0.0000136200    0.0000095600   -0.0067282700
   0.0000242800   -0.0000171900   -0.0067211900
  -0.0000004500    0.0000303300   -0.0067189200
   0.0000000500    0.0000016500   -0.0067345300
  -0.0000074000   -0.0000000900   -0.0067324800
   0.0000687600   -0.0001158000   -0.0066054400
   0.0000516100    0.0004958000   -0.0068719000
  -0.0000252300   -0.0000348700   -0.0066850600
   0.0001544900   -0.0000884600   -0.0067497600
  -0.0001552200   -0.0000981900   -0.0067326100
  -0.0003946900   -0.0002941500   -0.0068892600
   0.0000086700    0.0000218200   -0.0066655300
  -0.0000219700    0.0000109000   -0.0066464800
   0.0000413500   -0.0000330400   -0.0066660500
   0.0000434700    0.0000036400   -0.0066868700
   0.0000094800    0.0000294300   -0.0067040600
  -0.0000248400    0.0000375300   -0.0066568800
  -0.0000169500    0.0003429300   -0.0067930300
   0.0000102800   -0.0000479100   -0.0066887300
  -0.0000278800    0.0000065000   -0.0066850300
   0.0002713300   -0.0001917700   -0.0068274900
   0.0000713400   -0.0027687800   -0.0055651000
  -0.0034140100    0.0018844600   -0.0067996200
   0.0001692800   -0.0000063600   -0.0067501700
   0.0000399500    0.0000941600   -0.0067955900
  -0.0000288300    0.0000899200   -0.0066846300
  -0.0000641300    0.0000452200   -0.0068160600
   0.0000856300   -0.0001585000   -0.0068611300
   0.0000161800   -0.0000314100   -0.0069174000
  -0.0001262000   -0.0000191000   -0.0066629500
  -0.0000661400    0.0000420500   -0.0069007600
  -0.0000041600   -0.0000228900   -0.0069328800
  -0.0000723300   -0.0001262100   -0.0068834900
   0.0029586100    0.0015395400   -0.0061802100
  -0.0000364300    0.0000245400   -0.0067968400
   0.0000392800    0.0000311400   -0.0069159100
   0.0000497100    0.0000105200   -0.0068354700
   0.0000703300    0.0017390100   -0.0079142100
   0.0005172900   -0.0003791800   -0.0043956900
   0.0001555900    0.0001168700   -0.0068200800
   0.0001852700    0.0000475900   -0.0067268000
  -0.0001742200    0.0000173600   -0.0066919900
  -0.0000674600    0.0000419500   -0.0068170200
  -0.0000043000   -0.0002205000   -0.0068547800
   0.0000167500   -0.0000316600   -0.0069188500
  -0.0001133200    0.0001307300   -0.0067368000
  -0.0000484100    0.0000319000   -0.0068895200
  -0.0000042500   -0.0000042800   -0.0069426200
   0.0000169000   -0.0002156700   -0.0068090200
  -0.0009598800   -0.0007161900   -0.0061607600
  -0.0000357400    0.0000281300   -0.0067998200
   0.0000217800    0.0000220200   -0.0069163200
   0.0000545200    0.0000081700   -0.0068331000
  -0.0000024500   -0.0000117200   -0.0069693700
   0.0000383000   -0.0000227900   -0.0070047700
   0.0000067700    0.0000015000   -0.0069747700
  -0.0000007300    0.0000523300   -0.0070296700
  -0.0000045000    0.0000547700   -0.0070339200
   0.0000616200   -0.0000425800   -0.0070110400
   0.0000010500   -0.0000044600   -0.0069700900
  -0.0000033000    0.0000040900   -0.0069683800
  -0.0000314400   -0.0000102200   -0.0070053800
   0.0000066100   -0.0000011600   -0.0069730600
  -0.0000022000   -0.0000138300   -0.0069727800
  -0.0000236700   -0.0000138400   -0.0069976200
  -0.0000166800   -0.0000069200   -0.0069868600
   0.0000338600   -0.0000241000   -0.0069805600
  -0.0000004000    0.0000052800   -0.0069733200
  -0.0000538900   -0.0000086100   -0.0070402100
  -0.0000022700    0.0000061400   -0.0069789000
   0.0000529700   -0.0000301400   -0.0069967000
  -0.0000753500    0.0000347800   -0.0070158200
  -0.0000063200   -0.0000335400   -0.0069876200
   0.0000027000   -0.0000331200   -0.0069854400
  -0.0000151000   -0.0000866300   -0.0070110900
  -0.0000661100    0.0000493400   -0.0070177500
  -0.0000029000    0.0000038300   -0.0069684700
   0.0000510900    0.0000249700   -0.0069999100
   0.0000091200   -0.0000030100   -0.0069718300
  -0.0000031500   -0.0000099700   -0.0069766700
   0.0000435000    0.0000362100   -0.0070042700
  -0.0000312900   -0.0000157700   -0.0069875700
   0.0000324200    0.0000631700   -0.0070279800
  -0.0000044700    0.0000037900   -0.0069738800
   0.0000230400   -0.0000534800   -0.0069934100

129  
 -0.0025886711035978   0.0044837098755168  -0.0085554151079647
  -0.0021493900    0.0037306600   -0.0474044800
   0.0002212200    0.0000943700    0.0072153200
   0.0001506600    0.0001120600    0.0071173100
   0.0004834800   -0.0000686300    0.0073446200
  -0.0005186700   -0.0000536200    0.0075107600
   0.0000344100   -0.0002006900    0.0070489400
  -0.0000009900   -0.0000072300    0.0069874400
   0.0000074800   -0.0000110700    0.0069999000
  -0.0001897900    0.0001224800    0.0072379700
  -0.0000034100   -0.0000188300    0.0069895300
  -0.0000107200   -0.0001468000    0.0069972500
   0.0000111600   -0.0000102400    0.0069936900
  -0.0002320500    0.0002969600    0.0074463500
   0.0000074600    0.0000056700    0.0069857700
   0.0000135800   -0.0000161300    0.0069932700
   0.0001311400   -0.0002732400    0.0071138900
   0.0000136900   -0.0000234100    0.0068105400
   0.0000122800   -0.0000023700    0.0069225400
   0.0000163800   -0.0000076300    0.0068948200
  -0.0001540600    0.0000793300    0.0068165000
   0.0001528400    0.0000919700    0.0068161900
  -0.0000014300   -0.0000012600    0.0069228000
   0.0000098600   -0.0000066000    0.0068963700
   0.0000014100    0.0000066100    0.0069080700
  -0.0000205000    0.0000036300    0.0069003600
  -0.0000052300   -0.0000057800    0.0068991600
   0.0000076400   -0.0000003000    0.0068892800
  -0.0000064300   -0.0000063400    0.0069022600
  -0.0000133300   -0.0000923500    0.0068692900
   0.0000013400    0.0000056400    0.0069051300
   0.0000082600   -0.0000060000    0.0068930700
  -0.0000666300    0.0000502600    0.0068698600
   0.0000084800   -0.0000142300    0.0068652100
  -0.0000209400   -0.0000242600    0.0069004400
  -0.0000046400    0.0000303200    0.0068663300
  -0.0000230500   -0.0000071900    0.0068910300
   0.0000381900   -0.0000160000    0.0068816300
   0.0000109300    0.0000135500    0.0069098800
  -0.0000297400    0.0000174100    0.0068562200
   0.0000001200    0.0000041800    0.0068839600
   0.0000036200    0.0000146600    0.0068688500
  -0.0000290800   -0.0000139900    0.0068702000
  -0.0000139500   -0.0000168400    0.0068638200
   0.0000133700    0.0000079900    0.0068700600
   0.0000348600   -0.0000285700    0.0068864200
  -0.0000010800    0.0000534000    0.0068626600
   0.0000111000   -0.0000048400    0.0068777700
  -0.0000079000    0.0000101700    0.0069051500
   0.0003359900   -0.0005819100    0.0072721700
   0.0001192400    0.0007587500    0.0059868500
   0.0000338600    0.0000120000    0.0069697900
   0.0002476800   -0.0001287100    0.0064627600
  -0.0002115700   -0.0001189600    0.0064575900
  -0.0006232000   -0.0005073200    0.0059928100
   0.0000160700    0.0000286400    0.0069545300
  -0.0000325700    0.0000749500    0.0070065800
   0.0000334400   -0.0000229300    0.0069874800
  -0.0000753700    0.0000184200    0.0069720300
   0.0000034300   -0.0001100600    0.0069519200
  -0.0000647300    0.0000381800    0.0069805800
  -0.0000561300    0.0004834800    0.0062193500
  -0.0000265500    0.0000872300    0.0069932500
   0.0000359100    0.0000105700    0.0069507600
   0.0004428800   -0.0003414400    0.0062302200
  -0.0022868700    0.0440128700   -0.0146264300
  -0.0084608800    0.0075951700    0.0022739800
   0.0008001900    0.0009786400    0.0059767400
   0.0006088100    0.0002750800    0.0063025700
  -0.0014399600    0.0003985000    0.0057360400
   0.0002354900   -0.0003008800    0.0063442600
  -0.0001424200   -0.0004036400    0.0065427300
   0.0000848800   -0.0001480300    0.0064512500
  -0.0011949700    0.0013420500    0.0055726900
   0.0001520000   -0.0001037200    0.0065338000
   0.0000133600   -0.0001187100    0.0065365000
  -0.0000488800   -0.0001457300    0.0067052700
  -0.0163396100   -0.0040818300   -0.0060769100
   0.0001888500   -0.0002238200    0.0063634400
  -0.0000146700   -0.0000399000    0.0065351400
   0.0000039800   -0.0002210300    0.0063253200
   0.0000687900    0.0009333000    0.0066786400
  -0.0003354700    0.0001140900    0.0070532300
  -0.0000046800   -0.0000425700    0.0068685000
  -0.0000216700   -0.0001016400    0.0069025300
   0.0000533500   -0.0001119300    0.0069193200
  -0.0000806300    0.0001166000    0.0068961700
   0.0000269000   -0.0000084500    0.0068516700
   0.0000079500   -0.0000146800    0.0068846800
   0.0000761900   -0.0000282400    0.0069022800
  -0.0000340800    0.0000133200    0.0068921900
   0.0000048800    0.0000405200    0.0068915600
   0.0000282300    0.0000137600    0.0068687300
  -0.0001845000   -0.0002655200    0.0068660500
  -0.0000709700    0.0000334100    0.0068854600
   0.0000028200   -0.0000103600    0.0068918900
   0.0000249900    0.0000667400    0.0069069500
   0.0000008300    0.0000039700    0.0068327500
   0.0000210000   -0.0000139200    0.0068487000
  -0.0000001100    0.0000033100    0.0068608900
   0.0000026100    0.0000332600    0.0068431800
  -0.0000022400    0.0000326400    0.0068418000
   0.0000294900   -0.0000195600    0.0068684600
  -0.0000032000   -0.0000033700    0.0068623000
  -0.0000026400    0.0000037300    0.0068362800
  -0.0000146900   -0.0000062300    0.0068506600
   0.0000039800    0.0000010900    0.0068518000
  -0.0000036900    0.0000036500    0.0068491500
  -0.0000126600   -0.0000119800    0.0068534600
  -0.0000119400   -0.0000094200    0.0068406800
   0.0000156300   -0.0000016900    0.0068769800
  -0.0000066200    0.0000037900    0.0068504400
  -0.0000348600    0.0000014300    0.0068599700
  -0.0000154100    0.0000594700    0.0069325100
   0.0001345400   -0.0000606600    0.0070348100
  -0.0001332400    0.0000828700    0.0067469100
  -0.0000177900   -0.0000720600    0.0068541800
  -0.0000112400   -0.0000745200    0.0068504200
  -0.0000071400   -0.0001562200    0.0067387100
  -0.0001223600    0.0000965200    0.0067509400
  -0.0000117000    0.0000196200    0.0069914200
   0.0000896000    0.0000776000    0.0067967300
   0.0000503900   -0.0000327300    0.0069149200
   0.0000026700    0.0000042300    0.0068836500
   0.0000794400    0.0000853400    0.0068044300
  -0.0001050700   -0.0000257300    0.0069837500
   0.0000655000    0.0001036300    0.0066938900
  -0.0000254200   -0.0000213900    0.0068994000
   0.0000219800   -0.0000892800    0.0067833500
   0.0296951900   -0.0520574100    0.0882583200
  -0.0030031000    0.0008302600   -0.0049774000
  -0.0006905000   -0.0002205400   -0.0059676600
  -0.0013810000    0.0002147400   -0.0057938800
   0.0020499100   -0.0016193300   -0.0047276700
  -0.0009744100    0.0006969700   -0.0060377800
   0.0000186500    0.0001147400   -0.0064034300
  -0.0001070000    0.0000960500   -0.0063794500
   0.0011628700   -0.0005815300   -0.0055964300
  -0.0000874400    0.0001993100   -0.0063909100
  -0.0000761400    0.0001206500   -0.0063402300
  -0.0001305000    0.0001739200   -0.0063914800
   0.0036785900    0.0001027100   -0.0043186800
  -0.0001074300    0.0000461900   -0.0064051900
  -0.0000248000    0.0001400200   -0.0063767800
  -0.0005717400    0.0001494300   -0.0064456000
  -0.0000680300    0.0001200200   -0.0068494900
   0.0000371400   -0.0000032000   -0.0068089800
   0.0000208900    0.0000361700   -0.0067665000
   0.0002440000   -0.0001162700   -0.0064711600
  -0.0002773600   -0.0001270500   -0.0064556100
   0.0000489100   -0.0000039700   -0.0068237400
  -0.0000066300    0.0000177300   -0.0067444500
  -0.0000103300    0.0000104900   -0.0067837300
  -0.0000361600    0.0000339800   -0.0067876300
   0.0000059800   -0.0000463200   -0.0067954100
  -0.0000096800   -0.0000210100   -0.0067453300
  -0.0000081000    0.0000210100   -0.0067642400
  -0.0000358100    0.0001687900   -0.0066250300
   0.0000224200    0.0000148100   -0.0067937000
   0.0000104600   -0.0000299000   -0.0067971000
   0.0000747700   -0.0000652000   -0.0066553100
  -0.0000074600    0.0000150400   -0.0067218900
   0.0000110400    0.0000174100   -0.0067213200
   0.0000065200   -0.0000169400   -0.0067235700
   0.0000109700    0.0000041600   -0.0067283100
  -0.0000232900    0.0000134700   -0.0067339600
  -0.0000099300    0.0000004000   -0.0067158000
   0.0000253400   -0.0000131600   -0.0067319600
   0.0000003200    0.0000026900   -0.0067169700
  -0.0000083400   -0.0000044700   -0.0067212800
   0.0000125300    0.0000086700   -0.0067244400
   0.0000100800    0.0000139500   -0.0067256100
  -0.0000126900   -0.0000059100   -0.0067245000
  -0.0000236400    0.0000198900   -0.0067306900
   0.0000000300   -0.0000265100   -0.0067323700
  -0.0000001400    0.0000016100   -0.0067164200
   0.0000074300    0.0000034300   -0.0067192800
  -0.0000680900    0.0001201800   -0.0068473200
  -0.0000515100   -0.0004932100   -0.0065806300
   0.0000249000    0.0000386400   -0.0067658400
  -0.0001559400    0.0000921600   -0.0067016500
   0.0001571600    0.0001020000   -0.0067188000
   0.0003935500    0.0002974400   -0.0065636400
  -0.0000087500   -0.0000186900   -0.0067849300
   0.0000226200   -0.0000074300   -0.0068045500
  -0.0000406000    0.0000363400   -0.0067842300
  -0.0000430100    0.0000006000   -0.0067638400
  -0.0000098600   -0.0000257900   -0.0067474300
   0.0000251700   -0.0000352700   -0.0067950200
   0.0000180300   -0.0003418400   -0.0066584100
  -0.0000101000    0.0000511100   -0.0067624400
   0.0000284500   -0.0000025500   -0.0067650600
  -0.0002700700    0.0001965100   -0.0066236500
  -0.0000680800    0.0028053000   -0.0084552500
   0.0034071300   -0.0018934500   -0.0072009000
  -0.0001681200    0.0000022000   -0.0072364800
  -0.0000379400   -0.0000979000   -0.0071907200
   0.0000275500   -0.0000939900   -0.0073011800
   0.0000641200   -0.0000483200   -0.0071714600
  -0.0000854300    0.0001524500   -0.0071259900
  -0.0000167500    0.0000272100   -0.0070684400
   0.0001267800    0.0000147800   -0.0073245500
   0.0000664200   -0.0000457800   -0.0070876500
   0.0000050900    0.0000202800   -0.0070551200
   0.0000740100    0.0001214500   -0.0071030900
  -0.0029693400   -0.0015617400   -0.0078262300
   0.0000362600   -0.0000281900   -0.0071905200
  -0.0000390000   -0.0000358700   -0.0070713100
  -0.0000511100   -0.0000142200   -0.0071526200
  -0.0000687400   -0.0017477000   -0.0060576000
  -0.0005087400    0.0003736400   -0.0095457300
  -0.0001544700   -0.0001203900   -0.0071686500
  -0.0001839700   -0.0000510900   -0.0072598700
   0.0001735000   -0.0000205400   -0.0072969000
   0.0000676100   -0.0000471700   -0.0071713800
   0.0000042600    0.0002156300   -0.0071320200
  -0.0000165900    0.0000267900   -0.0070682800
   0.0001129500   -0.0001348100   -0.0072510100
   0.0000495800   -0.0000361100   -0.0070982400
   0.0000049300    0.0000005200   -0.0070447900
  -0.0000162600    0.0002112100   -0.0071775400
   0.0009583800    0.0007126700   -0.0078057500
   0.0000367800   -0.0000326400   -0.0071875400
  -0.0000219500   -0.0000257900   -0.0070714300
  -0.0000539500   -0.0000127200   -0.0071549600
   0.0000019900    0.0000073600   -0.0070182700
  -0.0000377800    0.0000181900   -0.0069825300
  -0.0000071100   -0.0000051700   -0.0070139700
   0.0000011800   -0.0000564700   -0.0069575800
   0.0000041000   -0.0000588600   -0.0069537300
  -0.0000609000    0.0000380300   -0.0069764600
  -0.0000016700    0.0000005900   -0.0070179300
   0.0000038500   -0.0000085300   -0.0070195500
   0.0000315200    0.0000071400   -0.0069820500
  -0.0000058000   -0.0000023900   -0.0070140400
   0.0000033400    0.0000096200   -0.0070142500
   0.0000252400    0.0000097800   -0.0069894200
   0.0000163600    0.0000037000   -0.0070003900
  -0.0000328200    0.0000195200   -0.0070063200
   0.0000005800   -0.0000093000   -0.0070140600
   0.0000538400    0.0000040700   -0.0069472500
   0.0000019000   -0.0000099100   -0.0070094300
  -0.0000527900    0.0000266800   -0.0069912600
   0.0000756300   -0.0000391400   -0.0069711400
   0.0000072300    0.0000289500   -0.0070004800
  -0.0000016500    0.0000301800   -0.0070019500
   0.0000171100    0.0000827800   -0.0069768900
   0.0000663000   -0.0000524600   -0.0069693100
   0.0000038300   -0.0000083600   -0.0070191800
  -0.0000514200   -0.0000305200   -0.0069876400
  -0.0000091200   -0.0000004200   -0.0070157900
   0.0000034700    0.0000061700   -0.0070123400
  -0.0000427700   -0.0000400200   -0.0069841200
   0.0000313700    0.0000121700   -0.0070004800
  -0.0000318600   -0.0000697100   -0.0069596900
   0.0000035700   -0.0000076100   -0.0070139000
  -0.0000233400    0.0000495300   -0.0069937400
