128  
2    

1    
 -0.0000000000000000   0.0070710678118655   0.0070710678118655
   0.0013409000   -0.0827145000   -0.0827145000
  -0.0012518100    0.0023917200    0.0023917200
  -0.0000094700    0.0000997500    0.0000997500
   0.0012248900    0.0023497100    0.0023497100
   0.0017908300   -0.0034679200    0.0018198000
  -0.0001024300    0.0003182500    0.0001159000
   0.0000975500    0.0001145500    0.0003164900
  -0.0017900400    0.0018240900   -0.0034750000
   0.0001813800   -0.0014574200   -0.0000872800
  -0.0000035300    0.0004184500    0.0004164000
  -0.0001898100   -0.0000886700   -0.0014585400
  -0.0000044500    0.0004163100    0.0004185500
   0.0005465500   -0.0022358800    0.0005739900
  -0.0005542200    0.0005873100   -0.0022263700
   0.0001532000    0.0001754300    0.0002583300
  -0.0001611000    0.0002579700    0.0001759100
   0.0017908300    0.0018198000   -0.0034679200
  -0.0001024300    0.0001159000    0.0003182500
   0.0000975500    0.0003164900    0.0001145500
  -0.0017900400   -0.0034750000    0.0018240900
   0.0002324700   -0.0001360300   -0.0001360300
  -0.0000045100    0.0000676300    0.0000676300
  -0.0002414200   -0.0001354100   -0.0001354100
  -0.0000060400    0.0001643400    0.0001643400
   0.0004480700   -0.0000368500   -0.0001203000
  -0.0004586400   -0.0001207400   -0.0000364900
   0.0000097700    0.0000879900    0.0000932400
  -0.0000162900    0.0000932300    0.0000905700
  -0.0000017300    0.0000292600    0.0000307800
  -0.0000040500    0.0000706200    0.0001640500
  -0.0000049800    0.0000772300    0.0000757700
  -0.0000068200    0.0001643100    0.0000692800
   0.0001813800   -0.0000872800   -0.0014574200
  -0.0000035300    0.0004164000    0.0004184500
  -0.0001898100   -0.0014585400   -0.0000886700
  -0.0000044500    0.0004185500    0.0004163100
   0.0004480700   -0.0001203000   -0.0000368500
  -0.0004586400   -0.0000364900   -0.0001207400
   0.0000097700    0.0000932400    0.0000879900
  -0.0000162900    0.0000905700    0.0000932300
  -0.0000030400   -0.0002728000   -0.0002728000
  -0.0000154600    0.0000890400    0.0000890400
  -0.0000029200    0.0000811600    0.0000811600
   0.0000074600    0.0000890400    0.0000890400
   0.0003902400   -0.0001786300    0.0000219000
  -0.0000046400    0.0000766800    0.0001049000
  -0.0000040600    0.0001041000    0.0000758400
  -0.0003988600    0.0000237800   -0.0001779000
   0.0005465500    0.0005739900   -0.0022358800
  -0.0005542200   -0.0022263700    0.0005873100
   0.0001532000    0.0002583300    0.0001754300
  -0.0001611000    0.0001759100    0.0002579700
  -0.0000017300    0.0000307800    0.0000292600
  -0.0000040500    0.0001640500    0.0000706200
  -0.0000049800    0.0000757700    0.0000772300
  -0.0000068200    0.0000692800    0.0001643100
   0.0003902400    0.0000219000   -0.0001786300
  -0.0000046400    0.0001049000    0.0000766800
  -0.0000040600    0.0000758400    0.0001041000
  -0.0003988600   -0.0001779000    0.0000237800
   0.0003492000   -0.0001360200   -0.0001360200
  -0.0000039400    0.0001631600    0.0001631600
  -0.0003572800   -0.0001350700   -0.0001350700
  -0.0000039100    0.0000683500    0.0000683500
   0.0000142500   -0.0000818700   -0.0000818700
  -0.0000067100   -0.0000809000   -0.0000809000
   0.0003783200    0.0001596300    0.0001596300
  -0.0003709900    0.0001596900    0.0001596900
   0.0000052400   -0.0000922300   -0.0000919200
   0.0002304100    0.0001665200    0.0000629300
   0.0000040800   -0.0000777900   -0.0000761800
  -0.0002228100    0.0000609000    0.0001669600
   0.0005796300    0.0001562800   -0.0000191200
   0.0000156300   -0.0000274500   -0.0000892300
  -0.0000090200   -0.0000895100   -0.0000283000
  -0.0005685900   -0.0000203400    0.0001588200
   0.0001825800   -0.0002189900   -0.0004160200
   0.0000024900   -0.0000611500   -0.0000589800
  -0.0001765100   -0.0004126200   -0.0002150800
  -0.0000918600    0.0065440900    0.0066565700
   0.0000052400   -0.0000919200   -0.0000922300
   0.0002304100    0.0000629300    0.0001665200
   0.0000040800   -0.0000761800   -0.0000777900
  -0.0002228100    0.0001669600    0.0000609000
   0.0003544300    0.0000812500    0.0000812500
   0.0000155000   -0.0000712500   -0.0000712500
  -0.0000064100   -0.0000711900   -0.0000711900
  -0.0003429100    0.0000820100    0.0000820100
   0.0000448400   -0.0000552900   -0.0001176300
   0.0000036800   -0.0000822100   -0.0000831900
  -0.0000363400   -0.0001160600   -0.0000558800
   0.0000039200    0.0000966100    0.0000957400
   0.0000891200   -0.0001458600   -0.0002888500
  -0.0000801800   -0.0002850900   -0.0001439500
  -0.0002765100    0.0018591300    0.0003786100
   0.0002889400    0.0003795100    0.0018538300
   0.0005796300   -0.0000191200    0.0001562800
   0.0000156300   -0.0000892300   -0.0000274500
  -0.0000090200   -0.0000283000   -0.0000895100
  -0.0005685900    0.0001588200   -0.0000203400
   0.0000448400   -0.0001176300   -0.0000552900
   0.0000036800   -0.0000831900   -0.0000822100
  -0.0000363400   -0.0000558800   -0.0001160600
   0.0000039200    0.0000957400    0.0000966100
   0.0000314900   -0.0001303300   -0.0001303300
  -0.0000237100   -0.0001293700   -0.0001293700
   0.0003686900    0.0001462700    0.0001462700
  -0.0003613900    0.0001473400    0.0001473400
   0.0000087200   -0.0005879600   -0.0005996100
   0.0002742300    0.0013221900   -0.0001721700
   0.0000044400   -0.0002195700   -0.0002180000
  -0.0002670400   -0.0001755700    0.0013238900
   0.0001825800   -0.0004160200   -0.0002189900
   0.0000024900   -0.0000589800   -0.0000611500
  -0.0001765100   -0.0002150800   -0.0004126200
  -0.0000918600    0.0066565700    0.0065440900
   0.0000891200   -0.0002888500   -0.0001458600
  -0.0000801800   -0.0001439500   -0.0002850900
  -0.0002765100    0.0003786100    0.0018591300
   0.0002889400    0.0018538300    0.0003795100
   0.0000087200   -0.0005996100   -0.0005879600
   0.0002742300   -0.0001721700    0.0013221900
   0.0000044400   -0.0002180000   -0.0002195700
  -0.0002670400    0.0013238900   -0.0001755700
  -0.0275386900    0.0339851500    0.0339851500
   0.0005426600    0.0001130800    0.0001130800
  -0.0005233700    0.0001041300    0.0001041300
   0.0263717600    0.0331182400    0.0331182400

65   
 -0.0000000000000000   0.0070710678118655   0.0070710678118655
   0.0000087400   -0.0000920100   -0.0000920100
  -0.0003965200    0.0001502700    0.0001502700
   0.0003893000    0.0001504800    0.0001504800
  -0.0000126600   -0.0000925400   -0.0000925400
   0.0001882700   -0.0002354200   -0.0004126500
   0.0001081000    0.0066615200    0.0065169500
  -0.0001893000   -0.0004129500   -0.0002369600
  -0.0000011000   -0.0000702300   -0.0000697400
   0.0005595300    0.0001582600   -0.0000386600
  -0.0005659800   -0.0000392300    0.0001564700
  -0.0000140600   -0.0000980700   -0.0000388100
   0.0000101400   -0.0000382500   -0.0001007100
  -0.0000031800   -0.0001021200   -0.0001020700
  -0.0002475200    0.0000343600    0.0001740100
  -0.0000018000   -0.0000872200   -0.0000871500
   0.0002432200    0.0001746800    0.0000340200
   0.0001882700   -0.0004126500   -0.0002354200
   0.0001081000    0.0065169500    0.0066615200
  -0.0001893000   -0.0002369600   -0.0004129500
  -0.0000011000   -0.0000697400   -0.0000702300
  -0.0263747500    0.0331119000    0.0331119000
   0.0275385400    0.0339722100    0.0339722100
  -0.0005577600    0.0001018400    0.0001018400
   0.0005478000    0.0000947300    0.0000947300
  -0.0000047000   -0.0005979200   -0.0006054200
  -0.0002634000    0.0013022100   -0.0001722000
  -0.0000034100   -0.0002282800   -0.0002289300
   0.0002593900   -0.0001763600    0.0013000600
   0.0001005200   -0.0002763500   -0.0001716400
   0.0002690800    0.0018586000    0.0003582000
  -0.0002773200    0.0003600000    0.0018503600
  -0.0001043900   -0.0001731400   -0.0002781400
   0.0005595300   -0.0000386600    0.0001582600
  -0.0005659800    0.0001564700   -0.0000392300
  -0.0000140600   -0.0000388100   -0.0000980700
   0.0000101400   -0.0001007100   -0.0000382500
  -0.0000047000   -0.0006054200   -0.0005979200
  -0.0002634000   -0.0001722000    0.0013022100
  -0.0000034100   -0.0002289300   -0.0002282800
   0.0002593900    0.0013000600   -0.0001763600
   0.0000243000   -0.0001397800   -0.0001397800
  -0.0003673100    0.0001370600    0.0001370600
   0.0003623300    0.0001374200    0.0001374200
  -0.0000295800   -0.0001403000   -0.0001403000
   0.0000377600   -0.0001266800   -0.0000652200
  -0.0000036800    0.0000851200    0.0000870600
  -0.0000429400   -0.0000651300   -0.0001277400
  -0.0000026300   -0.0000945600   -0.0000925000
  -0.0000031800   -0.0001020700   -0.0001021200
  -0.0002475200    0.0001740100    0.0000343600
  -0.0000018000   -0.0000871500   -0.0000872200
   0.0002432200    0.0000340200    0.0001746800
   0.0001005200   -0.0001716400   -0.0002763500
   0.0002690800    0.0003582000    0.0018586000
  -0.0002773200    0.0018503600    0.0003600000
  -0.0001043900   -0.0002781400   -0.0001731400
   0.0000377600   -0.0000652200   -0.0001266800
  -0.0000036800    0.0000870600    0.0000851200
  -0.0000429400   -0.0001277400   -0.0000651300
  -0.0000026300   -0.0000925000   -0.0000945600
   0.0003084700    0.0000717600    0.0000717600
  -0.0003131600    0.0000726200    0.0000726200
  -0.0000135200   -0.0000824500   -0.0000824500
   0.0000094200   -0.0000806900   -0.0000806900
  -0.0016029700   -0.0804504400   -0.0804504400
   0.0012909400    0.0021231200    0.0021231200
   0.0000064100    0.0001841100    0.0001841100
  -0.0012533300    0.0020882100    0.0020882100
   0.0004864600   -0.0021625300    0.0003583900
  -0.0001009600    0.0002025500    0.0001536000
   0.0001134600    0.0001553100    0.0002024400
  -0.0004744500    0.0003453000   -0.0021676500
   0.0002031700   -0.0013213500   -0.0000137200
   0.0000062300    0.0003096100    0.0003092500
  -0.0001917600   -0.0000110200   -0.0013169800
   0.0000054100    0.0003087400    0.0003092500
   0.0017535300   -0.0034392300    0.0016263400
  -0.0017519500    0.0016224800   -0.0034353500
   0.0000704200    0.0001137900    0.0002434800
  -0.0000611200    0.0002433300    0.0001126900
   0.0004864600    0.0003583900   -0.0021625300
  -0.0001009600    0.0001536000    0.0002025500
   0.0001134600    0.0002024400    0.0001553100
  -0.0004744500   -0.0021676500    0.0003453000
   0.0002977100   -0.0001142500   -0.0001142500
   0.0000061500    0.0000718700    0.0000718700
  -0.0002868400   -0.0001142700   -0.0001142700
   0.0000065500    0.0001534500    0.0001534500
   0.0003226000   -0.0000071400   -0.0001374800
  -0.0003101300   -0.0001378400   -0.0000076100
  -0.0000004500    0.0000734400    0.0001011800
   0.0000128700    0.0001011500    0.0000725800
   0.0000055100   -0.0001302600   -0.0001278800
   0.0000062700    0.0000620400    0.0001528200
   0.0000059400    0.0000801800    0.0000792000
   0.0000063200    0.0001539300    0.0000614200
   0.0002031700   -0.0000137200   -0.0013213500
   0.0000062300    0.0003092500    0.0003096100
  -0.0001917600   -0.0013169800   -0.0000110200
   0.0000054100    0.0003092500    0.0003087400
   0.0003226000   -0.0001374800   -0.0000071400
  -0.0003101300   -0.0000076100   -0.0001378400
  -0.0000004500    0.0001011800    0.0000734400
   0.0000128700    0.0000725800    0.0001011500
   0.0000065400   -0.0002087700   -0.0002087700
   0.0000192800    0.0000794300    0.0000794300
   0.0000058700    0.0000809300    0.0000809300
  -0.0000071800    0.0000790300    0.0000790300
   0.0003638900   -0.0000960700   -0.0000485300
  -0.0000009100    0.0000862300    0.0000876500
   0.0000121900    0.0000880000    0.0000859400
  -0.0003514600   -0.0000488600   -0.0000959800
   0.0017535300    0.0016263400   -0.0034392300
  -0.0017519500   -0.0034353500    0.0016224800
   0.0000704200    0.0002434800    0.0001137900
  -0.0000611200    0.0001126900    0.0002433300
   0.0000055100   -0.0001278800   -0.0001302600
   0.0000062700    0.0001528200    0.0000620400
   0.0000059400    0.0000792000    0.0000801800
   0.0000063200    0.0000614200    0.0001539300
   0.0003638900   -0.0000485300   -0.0000960700
  -0.0000009100    0.0000876500    0.0000862300
   0.0000121900    0.0000859400    0.0000880000
  -0.0003514600   -0.0000959800   -0.0000488600
   0.0002153200   -0.0001145400   -0.0001145400
   0.0000058600    0.0001534600    0.0001534600
  -0.0002037200   -0.0001142200   -0.0001142200
   0.0000064200    0.0000720700    0.0000720700
