cosθ	TA_alpha	LA_alpha
0.000000	0.000000	0.000000
0.003344	0.023213	0.022768
0.006689	0.045888	0.045018
0.010033	0.068037	0.066762
0.013378	0.089672	0.088012
0.016722	0.110806	0.108779
0.020067	0.131450	0.129075
0.023411	0.151616	0.148910
0.026756	0.171314	0.168296
0.030100	0.190557	0.187242
0.033445	0.209354	0.205759
0.036789	0.227717	0.223857
0.040134	0.245654	0.241546
0.043478	0.263177	0.258834
0.046823	0.280295	0.275732
0.050167	0.297017	0.292248
0.053512	0.313353	0.308391
0.056856	0.329311	0.324169
0.060201	0.344901	0.339591
0.063545	0.360131	0.354666
0.066890	0.375009	0.369400
0.070234	0.389544	0.383803
0.073579	0.403744	0.397881
0.076923	0.417616	0.411642
0.080268	0.431168	0.425093
0.083612	0.444408	0.438241
0.086957	0.457342	0.451094
0.090301	0.469979	0.463657
0.093645	0.482324	0.475939
0.096990	0.494385	0.487944
0.100334	0.506168	0.499679
0.103679	0.517680	0.511150
0.107023	0.528926	0.522364
0.110368	0.539914	0.533327
0.113712	0.550649	0.544043
0.117057	0.561136	0.554518
0.120401	0.571383	0.564759
0.123746	0.581393	0.574770
0.127090	0.591174	0.584556
0.130435	0.600729	0.594123
0.133779	0.610065	0.603475
0.137124	0.619185	0.612618
0.140468	0.628097	0.621556
0.143813	0.636803	0.630293
0.147157	0.645309	0.638835
0.150502	0.653620	0.647185
0.153846	0.661740	0.655349
0.157191	0.669673	0.663329
0.160535	0.677424	0.671131
0.163880	0.684997	0.678758
0.167224	0.692396	0.686214
0.170569	0.699625	0.693503
0.173913	0.706688	0.700629
0.177258	0.713589	0.707596
0.180602	0.720331	0.714406
0.183946	0.726919	0.721064
0.187291	0.733355	0.727573
0.190635	0.739643	0.733937
0.193980	0.745787	0.740157
0.197324	0.751790	0.746239
0.200669	0.757656	0.752184
0.204013	0.763386	0.757996
0.207358	0.768985	0.763678
0.210702	0.774456	0.769233
0.214047	0.779801	0.774663
0.217391	0.785023	0.779972
0.220736	0.790125	0.785161
0.224080	0.795111	0.790235
0.227425	0.799982	0.795195
0.230769	0.804741	0.800043
0.234114	0.809391	0.804783
0.237458	0.813934	0.809416
0.240803	0.818372	0.813946
0.244147	0.822709	0.818374
0.247492	0.826947	0.822703
0.250836	0.831087	0.826934
0.254181	0.835132	0.831071
0.257525	0.839084	0.835114
0.260870	0.842945	0.839067
0.264214	0.846718	0.842931
0.267559	0.850404	0.846708
0.270903	0.854005	0.850401
0.274247	0.857524	0.854010
0.277592	0.860962	0.857538
0.280936	0.864320	0.860986
0.284281	0.867602	0.864357
0.287625	0.870808	0.867652
0.290970	0.873940	0.870873
0.294314	0.877001	0.874021
0.297659	0.879991	0.877098
0.301003	0.882912	0.880105
0.304348	0.885766	0.883045
0.307692	0.888554	0.885918
0.311037	0.891278	0.888727
0.314381	0.893940	0.891471
0.317726	0.896540	0.894154
0.321070	0.899080	0.896776
0.324415	0.901562	0.899339
0.327759	0.903986	0.901843
0.331104	0.906355	0.904290
0.334448	0.908669	0.906682
0.337793	0.910929	0.909020
0.341137	0.913137	0.911305
0.344482	0.915295	0.913537
0.347826	0.917402	0.915719
0.351171	0.919461	0.917850
0.354515	0.921472	0.919934
0.357860	0.923437	0.921969
0.361204	0.925356	0.923958
0.364548	0.927231	0.925902
0.367893	0.929062	0.927801
0.371237	0.930851	0.929657
0.374582	0.932598	0.931470
0.377926	0.934305	0.933241
0.381271	0.935972	0.934972
0.384615	0.937600	0.936663
0.387960	0.939191	0.938314
0.391304	0.940745	0.939928
0.394649	0.942262	0.941504
0.397993	0.943744	0.943044
0.401338	0.945191	0.944549
0.404682	0.946605	0.946018
0.408027	0.947986	0.947453
0.411371	0.949334	0.948855
0.414716	0.950651	0.950225
0.418060	0.951937	0.951562
0.421405	0.953193	0.952868
0.424749	0.954420	0.954144
0.428094	0.955618	0.955389
0.431438	0.956787	0.956606
0.434783	0.957929	0.957794
0.438127	0.959044	0.958953
0.441472	0.960133	0.960086
0.444816	0.961197	0.961192
0.448161	0.962235	0.962271
0.451505	0.963248	0.963325
0.454849	0.964238	0.964354
0.458194	0.965204	0.965359
0.461538	0.966147	0.966339
0.464883	0.967068	0.967296
0.468227	0.967967	0.968230
0.471572	0.968844	0.969142
0.474916	0.969700	0.970032
0.478261	0.970536	0.970900
0.481605	0.971352	0.971747
0.484950	0.972149	0.972574
0.488294	0.972926	0.973381
0.491639	0.973685	0.974168
0.494983	0.974425	0.974935
0.498328	0.975148	0.975684
0.501672	0.975853	0.976415
0.505017	0.976541	0.977128
0.508361	0.977212	0.977823
0.511706	0.977867	0.978500
0.515050	0.978506	0.979161
0.518395	0.979129	0.979806
0.521739	0.979737	0.980434
0.525084	0.980330	0.981047
0.528428	0.980909	0.981644
0.531773	0.981473	0.982226
0.535117	0.982024	0.982793
0.538462	0.982560	0.983346
0.541806	0.983084	0.983885
0.545151	0.983594	0.984410
0.548495	0.984092	0.984922
0.551839	0.984577	0.985420
0.555184	0.985051	0.985905
0.558528	0.985512	0.986378
0.561873	0.985961	0.986838
0.565217	0.986400	0.987286
0.568562	0.986827	0.987723
0.571906	0.987243	0.988148
0.575251	0.987649	0.988561
0.578595	0.988044	0.988964
0.581940	0.988429	0.989355
0.585284	0.988804	0.989736
0.588629	0.989169	0.990107
0.591973	0.989525	0.990467
0.595318	0.989872	0.990818
0.598662	0.990210	0.991159
0.602007	0.990538	0.991490
0.605351	0.990858	0.991812
0.608696	0.991170	0.992126
0.612040	0.991473	0.992430
0.615385	0.991768	0.992725
0.618729	0.992055	0.993012
0.622074	0.992335	0.993291
0.625418	0.992607	0.993562
0.628763	0.992871	0.993824
0.632107	0.993129	0.994079
0.635452	0.993379	0.994326
0.638796	0.993622	0.994566
0.642140	0.993858	0.994799
0.645485	0.994088	0.995024
0.648829	0.994312	0.995243
0.652174	0.994529	0.995455
0.655518	0.994740	0.995660
0.658863	0.994944	0.995858
0.662207	0.995143	0.996051
0.665552	0.995336	0.996237
0.668896	0.995524	0.996417
0.672241	0.995706	0.996591
0.675585	0.995882	0.996759
0.678930	0.996054	0.996921
0.682274	0.996220	0.997078
0.685619	0.996381	0.997230
0.688963	0.996537	0.997376
0.692308	0.996688	0.997517
0.695652	0.996835	0.997653
0.698997	0.996977	0.997784
0.702341	0.997115	0.997910
0.705686	0.997248	0.998031
0.709030	0.997376	0.998148
0.712375	0.997501	0.998260
0.715719	0.997621	0.998368
0.719064	0.997738	0.998472
0.722408	0.997850	0.998571
0.725753	0.997959	0.998666
0.729097	0.998064	0.998757
0.732441	0.998165	0.998844
0.735786	0.998263	0.998927
0.739130	0.998357	0.999007
0.742475	0.998448	0.999082
0.745819	0.998535	0.999155
0.749164	0.998620	0.999223
0.752508	0.998700	0.999288
0.755853	0.998778	0.999350
0.759197	0.998853	0.999409
0.762542	0.998925	0.999464
0.765886	0.998994	0.999516
0.769231	0.999060	0.999565
0.772575	0.999123	0.999611
0.775920	0.999183	0.999654
0.779264	0.999241	0.999694
0.782609	0.999296	0.999732
0.785953	0.999349	0.999767
0.789298	0.999399	0.999799
0.792642	0.999447	0.999828
0.795987	0.999493	0.999855
0.799331	0.999536	0.999880
0.802676	0.999577	0.999902
0.806020	0.999615	0.999921
0.809365	0.999652	0.999938
0.812709	0.999686	0.999954
0.816054	0.999718	0.999966
0.819398	0.999749	0.999977
0.822742	0.999777	0.999986
0.826087	0.999804	0.999992
0.829431	0.999828	0.999997
0.832776	0.999851	0.999999
0.836120	0.999872	1.000000
0.839465	0.999891	0.999999
0.842809	0.999909	0.999996
0.846154	0.999924	0.999991
0.849498	0.999939	0.999984
0.852843	0.999951	0.999976
0.856187	0.999962	0.999966
0.859532	0.999972	0.999955
0.862876	0.999980	0.999942
0.866221	0.999987	0.999927
0.869565	0.999992	0.999911
0.872910	0.999996	0.999894
0.876254	0.999999	0.999875
0.879599	1.000000	0.999855
0.882943	1.000000	0.999833
0.886288	0.999999	0.999810
0.889632	0.999996	0.999786
0.892977	0.999993	0.999760
0.896321	0.999988	0.999733
0.899666	0.999982	0.999706
0.903010	0.999975	0.999677
0.906355	0.999967	0.999646
0.909699	0.999958	0.999615
0.913043	0.999947	0.999583
0.916388	0.999936	0.999549
0.919732	0.999924	0.999515
0.923077	0.999911	0.999480
0.926421	0.999897	0.999443
0.929766	0.999882	0.999406
0.933110	0.999867	0.999368
0.936455	0.999850	0.999329
0.939799	0.999833	0.999289
0.943144	0.999815	0.999248
0.946488	0.999796	0.999207
0.949833	0.999776	0.999165
0.953177	0.999755	0.999122
0.956522	0.999734	0.999078
0.959866	0.999712	0.999033
0.963211	0.999690	0.998988
0.966555	0.999666	0.998942
0.969900	0.999642	0.998896
0.973244	0.999618	0.998848
0.976589	0.999593	0.998800
0.979933	0.999567	0.998752
0.983278	0.999541	0.998703
0.986622	0.999514	0.998653
0.989967	0.999486	0.998603
0.993311	0.999458	0.998553
0.996656	0.999430	0.998501
1.000000	0.999401	0.998450
