256  
4    

1    
  0.0025886711035978  -0.0044837098755168   0.0085554151079647
  -0.0352138400    0.0629986100   -0.0723340400
  -0.0004687900   -0.0015828800   -0.0033349600
  -0.0006004300   -0.0004996000   -0.0033472000
  -0.0007464400   -0.0032458000   -0.0041306400
   0.0001678800   -0.0013584700   -0.0030295300
  -0.0002389000    0.0026116500   -0.0044388800
   0.0000547800   -0.0002446200   -0.0029026400
   0.0001670200   -0.0000866500   -0.0028699700
   0.0000846500   -0.0001353800   -0.0029478500
   0.0001948300   -0.0002952400   -0.0028872100
   0.0000574400    0.0013712900   -0.0037478500
   0.0001266000   -0.0003328400   -0.0028864100
  -0.0001032800   -0.0007614700   -0.0026329000
   0.0001678500   -0.0001649300   -0.0029117300
  -0.0000127300   -0.0002065500   -0.0028623900
   0.0020093600    0.0031502600   -0.0048378900
   0.0000951900   -0.0001845600   -0.0023404200
   0.0000141800   -0.0002124500   -0.0025419800
   0.0000652700   -0.0000485000   -0.0024526000
  -0.0004572900    0.0001613700   -0.0026796600
   0.0005026900    0.0001602800   -0.0027096500
   0.0001511500    0.0000237700   -0.0025119700
   0.0000216500   -0.0000271800   -0.0024161200
  -0.0000046900   -0.0000488300   -0.0024318800
  -0.0000156100   -0.0000439800   -0.0024743800
  -0.0000133900   -0.0000897500   -0.0024638200
   0.0000286000   -0.0001027400   -0.0024309200
  -0.0000017600   -0.0000104400   -0.0024239300
   0.0000522400   -0.0003987200   -0.0026407200
   0.0000268000   -0.0000144300   -0.0024605300
   0.0000624500   -0.0000871400   -0.0024670900
  -0.0002573600    0.0001346500   -0.0025808800
   0.0000254300   -0.0000642800   -0.0024983500
   0.0000239400   -0.0000390700   -0.0024980700
   0.0000055600   -0.0000317700   -0.0025058800
   0.0000367500   -0.0000474300   -0.0025062500
   0.0000114300   -0.0000583000   -0.0025118900
   0.0000137800   -0.0000782500   -0.0024925500
   0.0000171500   -0.0000481000   -0.0025107400
   0.0000157800   -0.0000189000   -0.0024973700
   0.0000321800   -0.0000460400   -0.0025053000
   0.0000266500   -0.0000409500   -0.0025042200
   0.0000064900   -0.0000587100   -0.0025064300
   0.0000028100   -0.0000548200   -0.0025040300
   0.0000241500   -0.0000429400   -0.0025077700
   0.0000157000   -0.0000464800   -0.0025120400
  -0.0000067900   -0.0000342800   -0.0024965000
   0.0000216200   -0.0000818200   -0.0024965700
   0.0000945200   -0.0001834400   -0.0023403100
   0.0000723500    0.0002759300   -0.0027810400
   0.0000644800   -0.0000490100   -0.0024522500
   0.0000355800   -0.0000095000   -0.0024433000
   0.0000305200    0.0000018500   -0.0024263200
  -0.0002631100   -0.0002822600   -0.0027983300
   0.0000166600   -0.0000607600   -0.0024390200
   0.0000269800   -0.0000671900   -0.0024881000
  -0.0000152900   -0.0000442800   -0.0024748700
  -0.0000176800   -0.0000197700   -0.0024236100
   0.0000287100   -0.0001018000   -0.0024300500
   0.0000323500   -0.0000636100   -0.0024635500
  -0.0000263500    0.0000776400   -0.0025948600
  -0.0000044300   -0.0000304700   -0.0024220000
   0.0000377000   -0.0000364600   -0.0024253200
   0.0001572300   -0.0001948500   -0.0026291300
   0.0002017600   -0.0008406100    0.0002792400
  -0.0016685300    0.0007335900   -0.0033589300
  -0.0001364200   -0.0002310200   -0.0021554800
  -0.0002062500   -0.0001175000   -0.0022839500
   0.0002707800   -0.0001448200   -0.0023056400
  -0.0000288900    0.0000922500   -0.0022552600
   0.0001242300    0.0001658500   -0.0021334300
   0.0000312400   -0.0000531100   -0.0024161100
   0.0002270400   -0.0002169000   -0.0022415300
   0.0000081000   -0.0000174200   -0.0024419900
   0.0000121100    0.0000380100   -0.0023730100
  -0.0000581100    0.0001677200   -0.0021978200
   0.0013494600    0.0003164000   -0.0015363900
  -0.0000467300   -0.0000357500   -0.0022682300
  -0.0000110500   -0.0000331100   -0.0024077000
   0.0000193200    0.0000438300   -0.0022428100
   0.0001979500    0.0039664400   -0.0022128000
   0.0025205400   -0.0016863500   -0.0008083700
  -0.0000835100   -0.0000003800   -0.0022604400
  -0.0000261400   -0.0002126600   -0.0021792500
   0.0000903800   -0.0002132300   -0.0023242700
  -0.0000238700    0.0000930800   -0.0022551000
  -0.0000719200    0.0000180200   -0.0021153200
   0.0000312500   -0.0000530800   -0.0024155700
   0.0001735000   -0.0000131100   -0.0023646500
   0.0000420800   -0.0000371800   -0.0024209800
   0.0000119900    0.0000767500   -0.0023933300
   0.0001376100    0.0000464300   -0.0020744000
  -0.0028270100   -0.0020917500   -0.0015112100
  -0.0000458400   -0.0000407000   -0.0022658300
  -0.0000448900   -0.0000526400   -0.0024071800
   0.0000152500    0.0000450300   -0.0022445300
   0.0000142400   -0.0000940900   -0.0025025500
   0.0000116700   -0.0000220300   -0.0024799700
   0.0000426600   -0.0000367000   -0.0024946900
   0.0000224900    0.0000587300   -0.0025304200
   0.0000061700    0.0000607700   -0.0025339000
   0.0001060300   -0.0000651500   -0.0025234300
   0.0000377400   -0.0000407100   -0.0024909800
   0.0000131600   -0.0000217200   -0.0024765100
  -0.0000394400   -0.0000483700   -0.0025161000
   0.0000261200   -0.0000285900   -0.0024788400
   0.0000126400   -0.0000377500   -0.0024756600
  -0.0000301800   -0.0000559000   -0.0025088100
   0.0000460500   -0.0000052000   -0.0024913800
   0.0000551300   -0.0000770500   -0.0025046300
   0.0000131400   -0.0000205200   -0.0024772000
  -0.0000617300   -0.0000270200   -0.0025425300
   0.0000142600   -0.0000787800   -0.0025104300
   0.0000247000   -0.0000296500   -0.0024722600
  -0.0000441500    0.0000007500   -0.0025406400
   0.0000101900   -0.0000360100   -0.0024846600
   0.0000186200   -0.0000329700   -0.0024812800
   0.0000238300   -0.0001124500   -0.0025240100
  -0.0000387200    0.0000161400   -0.0025438900
   0.0000131900   -0.0000218700   -0.0024764300
   0.0000473200   -0.0000119400   -0.0025092900
   0.0000292100   -0.0000303600   -0.0024767900
   0.0000126500   -0.0000340400   -0.0024774400
   0.0000463500    0.0000018000   -0.0025158800
   0.0000329000   -0.0000128700   -0.0024914700
   0.0000550700    0.0000177400   -0.0025546400
   0.0000099200   -0.0000223800   -0.0024771400
   0.0000203500   -0.0000743600   -0.0024931700
   0.0021691600   -0.0037867900    0.0565664500
   0.0002908900    0.0004131000    0.0018029200
   0.0002241700    0.0000299600    0.0020453600
   0.0002271400    0.0001209400    0.0019637100
  -0.0001844500    0.0000922000    0.0020872000
  -0.0002413300   -0.0005677500    0.0016796600
   0.0000069600   -0.0000517500    0.0021665400
   0.0000085600   -0.0000654200    0.0021796800
  -0.0001531500    0.0000197300    0.0021431600
  -0.0000015500   -0.0000583000    0.0021682700
   0.0000266900   -0.0003331300    0.0019473200
   0.0000148100   -0.0000490600    0.0021731100
  -0.0002245300    0.0002232100    0.0020067000
   0.0000084000   -0.0000469200    0.0021663400
   0.0000234700   -0.0000612500    0.0021704500
   0.0001065400   -0.0004666500    0.0017597600
  -0.0003209100    0.0005170000    0.0018935900
  -0.0000200800    0.0001606000    0.0026856500
   0.0000414900   -0.0000427600    0.0021920200
   0.0006098200   -0.0003861200    0.0031889600
  -0.0006390400   -0.0004111800    0.0032275700
  -0.0001449700   -0.0001059600    0.0026456100
   0.0000637400   -0.0001240700    0.0021603500
   0.0000427100   -0.0000556300    0.0022193200
  -0.0000770300   -0.0000079600    0.0022106700
   0.0000051500   -0.0001465200    0.0021807200
   0.0000123100   -0.0000232700    0.0021735200
   0.0000077300   -0.0001321600    0.0021897700
   0.0000151400    0.0004508200    0.0029766400
   0.0000482500   -0.0000532900    0.0022001600
   0.0000753700   -0.0001372900    0.0021614200
   0.0003575500   -0.0002425700    0.0028981300
   0.0000073900   -0.0000508400    0.0022961600
   0.0000004100   -0.0000803200    0.0022707500
   0.0000341800   -0.0000875300    0.0022954800
  -0.0000107500   -0.0000681900    0.0022612600
   0.0000287700   -0.0000585900    0.0022493600
   0.0000195000   -0.0000281000    0.0022824400
   0.0000205100   -0.0000694300    0.0022744200
   0.0000169400   -0.0001007800    0.0023091200
  -0.0000009400   -0.0000720400    0.0023011600
  -0.0000071600   -0.0000787100    0.0022919700
   0.0000300900   -0.0000638000    0.0022899100
   0.0000297000   -0.0000599600    0.0022918500
   0.0000162800   -0.0000766500    0.0022541700
   0.0000158200   -0.0000580700    0.0022837100
   0.0000556400   -0.0000884200    0.0023001700
   0.0000092300   -0.0000263000    0.0022776700
   0.0000022800   -0.0000418600    0.0023522200
   0.0000053500   -0.0002526100    0.0023385900
   0.0000175200   -0.0000472000    0.0022668800
   0.0000058400   -0.0000483900    0.0022465100
   0.0000270900   -0.0000609700    0.0022475900
   0.0001830700    0.0000300000    0.0023376900
   0.0000245100   -0.0000687800    0.0022583300
   0.0000144600   -0.0000517500    0.0022667100
   0.0000187300   -0.0000584900    0.0022723000
   0.0000049100   -0.0000691200    0.0022596100
   0.0000083700   -0.0000856400    0.0022616500
   0.0000045500   -0.0000687200    0.0022624900
   0.0000277100   -0.0001623300    0.0022934700
   0.0000147200   -0.0000515100    0.0022643700
   0.0000238500   -0.0000687100    0.0022549400
  -0.0000827900   -0.0000213000    0.0022915600
  -0.0000525100   -0.0002925200    0.0021163500
   0.0009178100   -0.0004532100    0.0024201700
  -0.0000882900    0.0000244400    0.0022357600
  -0.0000186800   -0.0000012700    0.0022610900
   0.0000188600    0.0000075900    0.0022794300
   0.0000693800   -0.0001453900    0.0022379400
  -0.0000594600    0.0000920100    0.0022174000
   0.0000081800    0.0000015200    0.0022494000
   0.0000485000    0.0000116100    0.0022666400
   0.0000529700   -0.0000275700    0.0022432100
   0.0000111100   -0.0000500100    0.0022408300
   0.0000362500    0.0000682700    0.0022301500
  -0.0003642500   -0.0000729900    0.0022683200
   0.0000871800   -0.0000148700    0.0022320500
   0.0000102600   -0.0000038700    0.0022422600
   0.0000182900   -0.0000953500    0.0022440000
   0.0023623800   -0.0113061000    0.0067585800
   0.0368681200   -0.0239285400    0.0238774100
   0.0005632700    0.0003915400    0.0028364900
   0.0012558400    0.0001737300    0.0031498900
  -0.0003953800    0.0000629500    0.0025865700
  -0.0001430100    0.0003321900    0.0027896000
  -0.0003808600   -0.0014622400    0.0034006000
  -0.0000690000    0.0001351000    0.0026812800
  -0.0001384300    0.0000186600    0.0024303900
  -0.0001106000    0.0000764800    0.0026158800
   0.0000028800    0.0001356500    0.0025811700
   0.0006046900   -0.0017085000    0.0035577500
  -0.0115586100   -0.0120442900    0.0152181100
  -0.0001731200    0.0001201900    0.0028176700
   0.0000054300    0.0000123900    0.0025984100
  -0.0000663100    0.0002531700    0.0027601600
   0.0000313800    0.0001294100    0.0020955100
   0.0000560300   -0.0000529500    0.0022036200
  -0.0000396800    0.0000084400    0.0022748600
   0.0000388100   -0.0001509300    0.0023910400
   0.0000222200   -0.0001537500    0.0023947300
  -0.0001235800    0.0000586900    0.0023943800
  -0.0000413200   -0.0000006600    0.0022710300
   0.0000277700   -0.0000322500    0.0021423500
   0.0001154400    0.0000192200    0.0023365700
   0.0000195000   -0.0000109500    0.0022511300
   0.0000134200    0.0000453100    0.0022171600
   0.0001166000    0.0000052200    0.0023294500
  -0.0000537700   -0.0000879500    0.0021494900
  -0.0000496100    0.0000530300    0.0023509400
  -0.0000125600   -0.0000224400    0.0022342300
   0.0001406600   -0.0000083900    0.0024386600
   0.0000152400    0.0000133400    0.0022848300
   0.0000209000   -0.0000139500    0.0023003400
   0.0000487100   -0.0000285600    0.0022889000
   0.0000187400   -0.0000115900    0.0022740500
   0.0000128700   -0.0000109500    0.0022724000
   0.0000142700    0.0000231600    0.0022651800
   0.0000463100   -0.0000314100    0.0022907100
   0.0000185100   -0.0000163100    0.0022968500
  -0.0000019600   -0.0000192100    0.0022799000
   0.0000171600   -0.0000168800    0.0022846900
   0.0000197900   -0.0000106000    0.0022814500
   0.0000016200   -0.0000226500    0.0022833600
   0.0000020100   -0.0000183000    0.0022924300
   0.0000003700   -0.0000431300    0.0022733100
   0.0000176200   -0.0000196900    0.0022832800
   0.0000228700    0.0000021100    0.0022568600

1    
 -0.0025886711035978   0.0044837098755168  -0.0085554151079647
   0.0255025700   -0.0475127000    0.0987527000
   0.0005137000    0.0014954700   -0.0015530200
   0.0006373100    0.0004226400   -0.0015542800
   0.0007729500    0.0031726700   -0.0007663800
  -0.0001370800    0.0012854000   -0.0018683500
   0.0002660900   -0.0026865900   -0.0004548600
  -0.0000216300    0.0001661200   -0.0019993200
  -0.0001328200    0.0000070800   -0.0020314000
  -0.0000534100    0.0000587000   -0.0019522900
  -0.0001579800    0.0002146900   -0.0020165700
  -0.0000228600   -0.0014456700   -0.0011559400
  -0.0000914900    0.0002546400   -0.0020153100
   0.0001316400    0.0006808200   -0.0022626800
  -0.0001324200    0.0000858300   -0.0019910900
   0.0000453300    0.0001268100   -0.0020406100
  -0.0019658300   -0.0032151300   -0.0000628600
  -0.0000606200    0.0001053200   -0.0025598700
   0.0000186600    0.0001322000   -0.0023604800
  -0.0000311700   -0.0000304000   -0.0024501500
   0.0004900300   -0.0002390400   -0.0022216600
  -0.0004685400   -0.0002398300   -0.0021912300
  -0.0001151300   -0.0001002500   -0.0023898000
   0.0000126800   -0.0000502400   -0.0024872100
   0.0000379900   -0.0000297800   -0.0024713600
   0.0000506500   -0.0000337100   -0.0024287000
   0.0000472300    0.0000123100   -0.0024395200
   0.0000051800    0.0000240700   -0.0024720300
   0.0000365900   -0.0000676600   -0.0024786300
  -0.0000174300    0.0003200600   -0.0022610400
   0.0000074400   -0.0000640800   -0.0024426700
  -0.0000275200    0.0000094800   -0.0024357100
   0.0002902000   -0.0002111000   -0.0023217400
   0.0000083400   -0.0000131000   -0.0024052200
   0.0000106600   -0.0000400900   -0.0024048600
   0.0000288800   -0.0000457100   -0.0023968500
  -0.0000021600   -0.0000304900   -0.0023968800
   0.0000225000   -0.0000193200   -0.0023907600
   0.0000208300    0.0000005900   -0.0024111400
   0.0000166800   -0.0000305300   -0.0023918500
   0.0000189000   -0.0000593400   -0.0024050600
   0.0000018400   -0.0000326700   -0.0023974200
   0.0000077600   -0.0000368400   -0.0023984400
   0.0000277400   -0.0000189500   -0.0023965600
   0.0000310800   -0.0000234400   -0.0023988800
   0.0000101800   -0.0000354500   -0.0023957000
   0.0000177800   -0.0000315500   -0.0023914100
   0.0000405500   -0.0000441400   -0.0024066300
   0.0000123800    0.0000035900   -0.0024067400
  -0.0000604500    0.0001061700   -0.0025595400
  -0.0000384300   -0.0003537800   -0.0021225100
  -0.0000300200   -0.0000288300   -0.0024503100
  -0.0000008500   -0.0000700200   -0.0024604200
   0.0000018100   -0.0000801400   -0.0024777800
   0.0002966300    0.0002040400   -0.0021060600
   0.0000174600   -0.0000177100   -0.0024631900
   0.0000079200   -0.0000112100   -0.0024147400
   0.0000482900   -0.0000336500   -0.0024281600
   0.0000520100   -0.0000588200   -0.0024790900
   0.0000055900    0.0000239000   -0.0024721200
   0.0000020300   -0.0000148300   -0.0024390300
   0.0000606700   -0.0001550900   -0.0023084100
   0.0000387300   -0.0000467300   -0.0024806700
  -0.0000027000   -0.0000425300   -0.0024769300
  -0.0001224000    0.0001176100   -0.0022741600
  -0.0001665900    0.0008180300   -0.0052320500
   0.0016986300   -0.0007634900   -0.0015630500
   0.0001739500    0.0001959400   -0.0027497000
   0.0002420200    0.0000828500   -0.0026208700
  -0.0002388400    0.0001089100   -0.0026003800
   0.0000619400   -0.0001257500   -0.0026478800
  -0.0000896800   -0.0002057500   -0.0027704700
   0.0000029000    0.0000172300   -0.0024885800
  -0.0001949600    0.0001827000   -0.0026646200
   0.0000257000   -0.0000191100   -0.0024615900
   0.0000218400   -0.0000730500   -0.0025307300
   0.0000926100   -0.0002066900   -0.0027062400
  -0.0013201600   -0.0003517500   -0.0033937900
   0.0000794200    0.0000001100   -0.0026358400
   0.0000460900   -0.0000029600   -0.0024961700
   0.0000149600   -0.0000791700   -0.0026625400
  -0.0001711800   -0.0040069600   -0.0026781600
  -0.0024477100    0.0016283500   -0.0040598400
   0.0001189500   -0.0000334400   -0.0026446700
   0.0000611800    0.0001771600   -0.0027251600
  -0.0000574300    0.0001785600   -0.0025809000
   0.0000599000   -0.0001294400   -0.0026473700
   0.0001054900   -0.0000564000   -0.0027889000
   0.0000023000    0.0000167900   -0.0024870900
  -0.0001397100   -0.0000219100   -0.0025402900
  -0.0000073600    0.0000006300   -0.0024819200
   0.0000216400   -0.0001126300   -0.0025102300
  -0.0001026000   -0.0000825900   -0.0028290000
   0.0028406800    0.0020530700   -0.0033679000
   0.0000801000    0.0000037400   -0.0026362800
   0.0000785100    0.0000167400   -0.0024955900
   0.0000187000   -0.0000825600   -0.0026581200
   0.0000196300    0.0000572500   -0.0023999200
   0.0000223200   -0.0000131400   -0.0024224100
  -0.0000080900    0.0000008800   -0.0024082900
   0.0000118600   -0.0000952700   -0.0023731000
   0.0000279500   -0.0000971400   -0.0023688100
  -0.0000720100    0.0000286400   -0.0023788900
  -0.0000038300    0.0000049000   -0.0024121700
   0.0000211600   -0.0000141500   -0.0024261900
   0.0000736100    0.0000127800   -0.0023870800
   0.0000086400   -0.0000070000   -0.0024244800
   0.0000216900    0.0000012400   -0.0024271800
   0.0000642200    0.0000197300   -0.0023941300
  -0.0000112700   -0.0000305600   -0.0024118000
  -0.0000214900    0.0000402000   -0.0023976500
   0.0000202200   -0.0000153700   -0.0024261200
   0.0000962600   -0.0000090800   -0.0023603800
   0.0000198500    0.0000425600   -0.0023923000
   0.0000095600   -0.0000063700   -0.0024297600
   0.0000780400   -0.0000369200   -0.0023629000
   0.0000241800    0.0000001100   -0.0024183600
   0.0000153700   -0.0000029500   -0.0024222400
   0.0000101200    0.0000760200   -0.0023792700
   0.0000724900   -0.0000521200   -0.0023589500
   0.0000211400   -0.0000144900   -0.0024262000
  -0.0000129800   -0.0000240900   -0.0023936300
   0.0000047400   -0.0000056100   -0.0024261100
   0.0000217400   -0.0000017000   -0.0024255800
  -0.0000120600   -0.0000381800   -0.0023870500
   0.0000014400   -0.0000233200   -0.0024107700
  -0.0000209300   -0.0000533900   -0.0023486400
   0.0000244400   -0.0000138800   -0.0024252900
   0.0000138500    0.0000384300   -0.0024100100
  -0.0020290100    0.0035062900   -0.0536327200
  -0.0002666400   -0.0005146200    0.0028739900
  -0.0001938900   -0.0001422000    0.0026273300
  -0.0001970000   -0.0002357500    0.0027125500
   0.0002184200   -0.0002068900    0.0025895800
   0.0002623700    0.0004577600    0.0029964100
   0.0000254700   -0.0000590300    0.0025060900
   0.0000238300   -0.0000454600    0.0024936600
   0.0001871700   -0.0001316500    0.0025308900
   0.0000336500   -0.0000520600    0.0025036100
   0.0000056500    0.0002242500    0.0027261400
   0.0000174400   -0.0000618700    0.0024998000
   0.0002634100   -0.0003300500    0.0026707700
   0.0000237400   -0.0000643300    0.0025063800
   0.0000091500   -0.0000493200    0.0025018800
  -0.0000681400    0.0003585000    0.0029153200
   0.0003473700   -0.0006197400    0.0027848600
   0.0000488300   -0.0002736300    0.0019914100
  -0.0000100200   -0.0000681000    0.0024801000
  -0.0005794200    0.0002774600    0.0014823200
   0.0006751500    0.0003029000    0.0014413900
   0.0001772400   -0.0000002600    0.0020303400
  -0.0000320000    0.0000132300    0.0025110200
  -0.0000101600   -0.0000560500    0.0024519100
   0.0001097200   -0.0001028200    0.0024614900
   0.0000271100    0.0000360300    0.0024894600
   0.0000197700   -0.0000865600    0.0024992500
   0.0000253400    0.0000213200    0.0024823500
   0.0000185500   -0.0005647200    0.0016965800
  -0.0000162000   -0.0000576200    0.0024700700
  -0.0000428600    0.0000264400    0.0025101300
  -0.0003260200    0.0001332300    0.0017773900
   0.0000244600   -0.0000602400    0.0023725900
   0.0000319000   -0.0000314400    0.0024004300
  -0.0000020600   -0.0000230900    0.0023759700
   0.0000420400   -0.0000421700    0.0024093400
   0.0000041000   -0.0000516100    0.0024214300
   0.0000133300   -0.0000823100    0.0023877900
   0.0000116700   -0.0000417100    0.0023969300
   0.0000153000   -0.0000098000    0.0023621400
   0.0000333500   -0.0000386900    0.0023699300
   0.0000397500   -0.0000320100    0.0023788900
   0.0000023800   -0.0000466200    0.0023809700
   0.0000025400   -0.0000509400    0.0023795700
   0.0000159800   -0.0000345900    0.0024170700
   0.0000164700   -0.0000525200    0.0023861700
  -0.0000234600   -0.0000223200    0.0023711700
   0.0000224900   -0.0000841900    0.0023921000
   0.0000305000   -0.0000684900    0.0023188200
   0.0000273000    0.0001406800    0.0023313700
   0.0000149500   -0.0000636200    0.0024039000
   0.0000250900   -0.0000616800    0.0024247400
   0.0000067000   -0.0000488700    0.0024241000
  -0.0001496400   -0.0001400800    0.0023330900
   0.0000081200   -0.0000418400    0.0024126900
   0.0000178100   -0.0000588200    0.0024047600
   0.0000131800   -0.0000521600    0.0023993500
   0.0000272500   -0.0000421300    0.0024119600
   0.0000238400   -0.0000253600    0.0024097800
   0.0000274400   -0.0000419800    0.0024086300
   0.0000039900    0.0000495500    0.0023768400
   0.0000176200   -0.0000593300    0.0024078000
   0.0000083600   -0.0000422200    0.0024154200
   0.0001134500   -0.0000886500    0.0023797800
   0.0000854700    0.0002995200    0.0025509500
  -0.0008811200    0.0004476000    0.0022499100
   0.0001199900   -0.0000278000    0.0024346000
   0.0000512200   -0.0000029900    0.0024102200
   0.0000131800   -0.0000113500    0.0023914600
  -0.0000366700    0.0001415100    0.0024332000
   0.0000906900   -0.0000946500    0.0024531400
   0.0000240800   -0.0000050400    0.0024223600
  -0.0000163700   -0.0000150900    0.0024038200
  -0.0000202800    0.0000241000    0.0024281800
   0.0000212200    0.0000470100    0.0024290800
  -0.0000028500   -0.0000710200    0.0024404000
   0.0003915200    0.0000662100    0.0024006800
  -0.0000545300    0.0000107900    0.0024389900
   0.0000215900    0.0000004400    0.0024296600
   0.0000136200    0.0000919800    0.0024279000
  -0.0022780600    0.0111151100   -0.0021391000
  -0.0356742400    0.0233311000   -0.0190119500
  -0.0005332300   -0.0003996200    0.0018343500
  -0.0012255500   -0.0001749100    0.0015215600
   0.0004311800   -0.0000671600    0.0020831200
   0.0001706900   -0.0003364900    0.0018834400
   0.0004125000    0.0014572400    0.0012734300
   0.0001014300   -0.0001390900    0.0019878800
   0.0001737000   -0.0000246700    0.0022403700
   0.0001411100   -0.0000788500    0.0020558000
   0.0000296600   -0.0001387700    0.0020900300
  -0.0005720200    0.0017000800    0.0011177400
   0.0115273000    0.0120217700   -0.0106704100
   0.0002036500   -0.0001222900    0.0018529700
   0.0000275000   -0.0000158200    0.0020729400
   0.0000997100   -0.0002569100    0.0019119900
   0.0000006100   -0.0001317800    0.0025741000
  -0.0000230700    0.0000488500    0.0024668600
   0.0000719100   -0.0000117600    0.0023969600
  -0.0000062800    0.0001473800    0.0022794200
   0.0000096800    0.0001511100    0.0022760700
   0.0001555700   -0.0000625700    0.0022764700
   0.0000739700   -0.0000025100    0.0023993900
   0.0000049300    0.0000289400    0.0025295000
  -0.0000836900   -0.0000223000    0.0023342600
   0.0000127200    0.0000077900    0.0024196000
   0.0000191800   -0.0000488300    0.0024543400
  -0.0000838500   -0.0000086500    0.0023419100
   0.0000847600    0.0000839200    0.0025208700
   0.0000818900   -0.0000554900    0.0023212600
   0.0000448300    0.0000187800    0.0024364700
  -0.0001082300    0.0000044000    0.0022331100
   0.0000170400   -0.0000155000    0.0023859800
   0.0000123100    0.0000100500    0.0023712800
  -0.0000160500    0.0000252100    0.0023815100
   0.0000136500    0.0000087700    0.0023969400
   0.0000188200    0.0000080900    0.0023986400
   0.0000181500   -0.0000267000    0.0024062100
  -0.0000137600    0.0000275800    0.0023805200
   0.0000138600    0.0000130800    0.0023748400
   0.0000335200    0.0000159900    0.0023916900
   0.0000144900    0.0000135800    0.0023847600
   0.0000130500    0.0000067400    0.0023895400
   0.0000299700    0.0000186200    0.0023878500
   0.0000296900    0.0000142400    0.0023771800
   0.0000321800    0.0000402400    0.0023971300
   0.0000155500    0.0000158800    0.0023879400
   0.0000086100   -0.0000048500    0.0024144900

129  
  0.0025886711035978  -0.0044837098755168   0.0085554151079647
   0.0020522100   -0.0035566200    0.0536770000
  -0.0002240100   -0.0001026500   -0.0027176600
  -0.0001505800   -0.0001228000   -0.0026186400
  -0.0004786700    0.0000511000   -0.0028473900
   0.0005151900    0.0000364000   -0.0030128800
  -0.0000362000    0.0001915200   -0.0025521400
   0.0000018400   -0.0000022400   -0.0024890300
  -0.0000068000    0.0000005400   -0.0025012600
   0.0001911200   -0.0001330400   -0.0027380300
   0.0000038300    0.0000084500   -0.0024900200
   0.0000114600    0.0001369600   -0.0024983500
  -0.0000104600    0.0000007300   -0.0024948900
   0.0002365800   -0.0003027600   -0.0029477000
  -0.0000068800   -0.0000157600   -0.0024865700
  -0.0000127500    0.0000056500   -0.0024941900
  -0.0001254700    0.0002634500   -0.0026168800
  -0.0000128600    0.0000130400   -0.0023113200
  -0.0000117800   -0.0000090500   -0.0024232100
  -0.0000157100   -0.0000023600   -0.0023952000
   0.0001538600   -0.0000890900   -0.0023172100
  -0.0001510700   -0.0001017700   -0.0023169000
   0.0000037100   -0.0000080600   -0.0024233400
  -0.0000091400   -0.0000033200   -0.0023967600
  -0.0000005000   -0.0000165700   -0.0024087100
   0.0000211600   -0.0000135000   -0.0024007200
   0.0000057000   -0.0000043000   -0.0023996700
  -0.0000070500   -0.0000101300   -0.0023896700
   0.0000073900   -0.0000039000   -0.0024025400
   0.0000141100    0.0000812500   -0.0023699100
  -0.0000007400   -0.0000157000   -0.0024058500
  -0.0000074600   -0.0000041500   -0.0023937200
   0.0000661900   -0.0000598800   -0.0023703500
  -0.0000077400    0.0000042100   -0.0023652500
   0.0000215200    0.0000135400   -0.0024014200
   0.0000051600   -0.0000404100   -0.0023670100
   0.0000236700   -0.0000030400   -0.0023919200
  -0.0000374800    0.0000059200   -0.0023820900
  -0.0000099200   -0.0000233600   -0.0024109000
   0.0000304600   -0.0000278100   -0.0023568300
   0.0000007300   -0.0000142000   -0.0023846800
  -0.0000025300   -0.0000249200   -0.0023694600
   0.0000302900    0.0000041400   -0.0023709500
   0.0000150400    0.0000071800   -0.0023641400
  -0.0000125800   -0.0000179600   -0.0023707900
  -0.0000341100    0.0000179700   -0.0023870700
   0.0000014900   -0.0000637400   -0.0023632700
  -0.0000107900   -0.0000053900   -0.0023785200
   0.0000080400   -0.0000202200   -0.0024058500
  -0.0003314000    0.0005635500   -0.0027756800
  -0.0001177600   -0.0007724200   -0.0014873400
  -0.0000338300   -0.0000228700   -0.0024714000
  -0.0002519500    0.0001184400   -0.0019681700
   0.0002167900    0.0001086700   -0.0019638400
   0.0006284900    0.0004997800   -0.0014910100
  -0.0000155700   -0.0000385300   -0.0024557300
   0.0000330700   -0.0000853500   -0.0025080600
  -0.0000323200    0.0000118300   -0.0024891900
   0.0000764500   -0.0000290900   -0.0024732800
  -0.0000026400    0.0001007700   -0.0024538800
   0.0000651000   -0.0000476500   -0.0024819200
   0.0000577300   -0.0004960000   -0.0017238100
   0.0000277700   -0.0000970200   -0.0024941200
  -0.0000352300   -0.0000208000   -0.0024517400
  -0.0004455600    0.0003348500   -0.0017316400
   0.0023544900   -0.0428299100    0.0189347200
   0.0082825800   -0.0074193100    0.0022553700
  -0.0007939800   -0.0009720800   -0.0015095500
  -0.0006092800   -0.0002631500   -0.0018340300
   0.0014350100   -0.0003843400   -0.0012715500
  -0.0002360100    0.0003083700   -0.0018748000
   0.0001442200    0.0004133000   -0.0020728200
  -0.0000844600    0.0001570200   -0.0019798600
   0.0011855300   -0.0013296800   -0.0011096700
  -0.0001503500    0.0001133400   -0.0020632300
  -0.0000122500    0.0001273000   -0.0020663500
   0.0000500500    0.0001555800   -0.0022356300
   0.0163780500    0.0040994900    0.0106955100
  -0.0001872700    0.0002326000   -0.0018940100
   0.0000159000    0.0000498500   -0.0020648000
  -0.0000028100    0.0002297700   -0.0018555200
  -0.0000681400   -0.0009175100   -0.0022055900
   0.0003464200   -0.0001093700   -0.0025766200
   0.0000042200    0.0000528900   -0.0023964300
   0.0000224300    0.0001100800   -0.0024306300
  -0.0000526900    0.0001200600   -0.0024472900
   0.0000810800   -0.0001065700   -0.0024245000
  -0.0000269700    0.0000183800   -0.0023801000
  -0.0000072300    0.0000239300   -0.0024130000
  -0.0000740700    0.0000384800   -0.0024300200
   0.0000355100   -0.0000038500   -0.0024206500
  -0.0000040700   -0.0000303400   -0.0024199700
  -0.0000268100   -0.0000036600   -0.0023971800
   0.0001785800    0.0002725400   -0.0023909300
   0.0000714700   -0.0000244100   -0.0024133800
  -0.0000028400    0.0000197000   -0.0024202800
  -0.0000241600   -0.0000570200   -0.0024352400
  -0.0000002900    0.0000058300   -0.0023619900
  -0.0000200200    0.0000232100   -0.0023778700
   0.0000010200    0.0000063300   -0.0023897700
  -0.0000017300   -0.0000235700   -0.0023720000
   0.0000028300   -0.0000227700   -0.0023706800
  -0.0000284400    0.0000292300   -0.0023973200
   0.0000039400    0.0000125900   -0.0023913700
   0.0000034100    0.0000059000   -0.0023648900
   0.0000150900    0.0000158300   -0.0023795500
  -0.0000033500    0.0000083900   -0.0023807800
   0.0000042800    0.0000060000   -0.0023780100
   0.0000131200    0.0000210300   -0.0023825300
   0.0000126200    0.0000187400   -0.0023698400
  -0.0000148500    0.0000110400   -0.0024056900
   0.0000073600    0.0000058400   -0.0023794800
   0.0000355900    0.0000084200   -0.0023887400
   0.0000161600   -0.0000485800   -0.0024611600
  -0.0001328200    0.0000696900   -0.0025632700
   0.0001348300   -0.0000732300   -0.0022759200
   0.0000188000    0.0000821700   -0.0023833300
   0.0000114900    0.0000843400   -0.0023798000
   0.0000073400    0.0001663100   -0.0022677600
   0.0001238600   -0.0000881400   -0.0022793000
   0.0000123800   -0.0000098900   -0.0025206800
  -0.0000892100   -0.0000676200   -0.0023262200
  -0.0000497700    0.0000420000   -0.0024443400
  -0.0000018500    0.0000054100   -0.0024129600
  -0.0000792600   -0.0000766300   -0.0023333900
   0.0001045200    0.0000345700   -0.0025119800
  -0.0000653000   -0.0000936600   -0.0022233800
   0.0000264000    0.0000306600   -0.0024284900
  -0.0000209700    0.0000988900   -0.0023125200
  -0.0296107400    0.0505481800   -0.0988295600
   0.0030084400   -0.0008599600    0.0006500800
   0.0006970500    0.0001956700    0.0016484000
   0.0013848600   -0.0002302300    0.0014649100
  -0.0020451600    0.0015833900    0.0004086100
   0.0009730500   -0.0007241400    0.0017174000
  -0.0000192300   -0.0001393400    0.0020868100
   0.0001064300   -0.0001218100    0.0020627600
  -0.0011616300    0.0005537800    0.0012819700
   0.0000866300   -0.0002228100    0.0020755100
   0.0000761900   -0.0001464000    0.0020240000
   0.0001299100   -0.0001981800    0.0020749100
  -0.0036615000   -0.0001273800    0.0000017800
   0.0001061900   -0.0000715400    0.0020903000
   0.0000239300   -0.0001639800    0.0020615000
   0.0005720500   -0.0001769700    0.0021267100
   0.0000660600   -0.0001415100    0.0025346200
  -0.0000378100   -0.0000204600    0.0024946000
  -0.0000205100   -0.0000612600    0.0024492600
  -0.0002432900    0.0000905000    0.0021561800
   0.0002764300    0.0001010700    0.0021410300
  -0.0000508100   -0.0000215500    0.0025096500
   0.0000066800   -0.0000426200    0.0024274000
   0.0000099000   -0.0000355600    0.0024668500
   0.0000355300   -0.0000590700    0.0024704100
  -0.0000068700    0.0000209100    0.0024782900
   0.0000094800   -0.0000046300    0.0024284200
   0.0000075000   -0.0000457200    0.0024474100
   0.0000361000   -0.0001928700    0.0023099700
  -0.0000226600   -0.0000391100    0.0024760700
  -0.0000101400    0.0000045200    0.0024797500
  -0.0000738100    0.0000397200    0.0023398100
   0.0000053600   -0.0000367000    0.0024168600
  -0.0000114800   -0.0000424300    0.0024052600
  -0.0000066400   -0.0000078600    0.0024071600
  -0.0000112100   -0.0000292800    0.0024116800
   0.0000234900   -0.0000387800    0.0024174700
   0.0000093200   -0.0000252000    0.0023993000
  -0.0000255800   -0.0000120800    0.0024152400
  -0.0000005800   -0.0000275800    0.0024002900
   0.0000083400   -0.0000203500    0.0024052000
  -0.0000130000   -0.0000336800    0.0024081400
  -0.0000100300   -0.0000390700    0.0024092500
   0.0000126500   -0.0000190200    0.0024083800
   0.0000233800   -0.0000453000    0.0024140400
  -0.0000005700    0.0000018100    0.0024157800
  -0.0000001900   -0.0000268500    0.0024003700
  -0.0000079300   -0.0000286200    0.0024030400
   0.0000656100   -0.0001407400    0.0025320700
   0.0000507200    0.0004682200    0.0022635900
  -0.0000255000   -0.0000640500    0.0024497600
   0.0001537400   -0.0001173700    0.0023846000
  -0.0001554400   -0.0001267400    0.0024020300
  -0.0003954400   -0.0003224600    0.0022460800
   0.0000086400   -0.0000061700    0.0024688400
  -0.0000225800   -0.0000173100    0.0024884500
   0.0000403500   -0.0000615600    0.0024679900
   0.0000430200   -0.0000258900    0.0024475900
   0.0000096000    0.0000012600    0.0024319400
  -0.0000255100    0.0000101600    0.0024789300
  -0.0000178300    0.0003152900    0.0023413200
   0.0000099900   -0.0000762300    0.0024467700
  -0.0000287700   -0.0000225400    0.0024497800
   0.0002703700   -0.0002206600    0.0023069900
   0.0000703000   -0.0027396500    0.0038403500
  -0.0034144000    0.0019133100    0.0026047600
   0.0001690100    0.0000228400    0.0026533400
   0.0000395400    0.0001230700    0.0026087600
  -0.0000295400    0.0001195000    0.0027185500
  -0.0000644400    0.0000740600    0.0025874800
   0.0000857200   -0.0001290800    0.0025433900
   0.0000164400   -0.0000021300    0.0024846000
  -0.0001281200    0.0000104700    0.0027404700
  -0.0000668100    0.0000709100    0.0025033800
  -0.0000050200    0.0000046800    0.0024705800
  -0.0000739900   -0.0000979200    0.0025204100
   0.0029583200    0.0015689600    0.0032241200
  -0.0000368100    0.0000534400    0.0026069200
   0.0000389200    0.0000605300    0.0024874000
   0.0000499600    0.0000398300    0.0025685000
   0.0000696800    0.0017689100    0.0014902200
   0.0005169900   -0.0003500600    0.0050077100
   0.0001554300    0.0001457000    0.0025844100
   0.0001850200    0.0000764400    0.0026762800
  -0.0001748700    0.0000463300    0.0027121800
  -0.0000681600    0.0000711500    0.0025869700
  -0.0000047200   -0.0001916600    0.0025482900
   0.0000164900   -0.0000025900    0.0024847900
  -0.0001146000    0.0001596500    0.0026659900
  -0.0000495900    0.0000609200    0.0025132800
  -0.0000051300    0.0000244600    0.0024606100
   0.0000163900   -0.0001869500    0.0025945100
  -0.0009611200   -0.0006867000    0.0032444200
  -0.0000362800    0.0000570500    0.0026043000
   0.0000217400    0.0000507800    0.0024872100
   0.0000543600    0.0000370100    0.0025707100
  -0.0000020300    0.0000178100    0.0024331100
   0.0000378900    0.0000067300    0.0023982100
   0.0000066200    0.0000305300    0.0024296300
  -0.0000012300    0.0000811100    0.0023731700
  -0.0000046100    0.0000832300    0.0023692300
   0.0000609500   -0.0000130400    0.0023924000
   0.0000007200    0.0000246300    0.0024331600
  -0.0000040400    0.0000334300    0.0024344700
  -0.0000316400    0.0000181500    0.0023979800
   0.0000057200    0.0000271600    0.0024293400
  -0.0000036700    0.0000153400    0.0024296300
  -0.0000250500    0.0000152300    0.0024051200
  -0.0000167000    0.0000212600    0.0024156300
   0.0000326700    0.0000050500    0.0024221700
  -0.0000009000    0.0000341800    0.0024292700
  -0.0000544900    0.0000209500    0.0023627600
  -0.0000020400    0.0000343600    0.0024247100
   0.0000523100   -0.0000015600    0.0024068400
  -0.0000761900    0.0000643200    0.0023867300
  -0.0000072300   -0.0000038800    0.0024162200
   0.0000014800   -0.0000050900    0.0024178200
  -0.0000162400   -0.0000578300    0.0023924900
  -0.0000670600    0.0000778500    0.0023850400
  -0.0000038000    0.0000333100    0.0024352900
   0.0000508100    0.0000553700    0.0024033700
   0.0000086100    0.0000253200    0.0024309300
  -0.0000038300    0.0000188200    0.0024284800
   0.0000427400    0.0000646900    0.0023994600
  -0.0000312000    0.0000130300    0.0024157800
   0.0000320600    0.0000939400    0.0023748700
  -0.0000038900    0.0000324000    0.0024297300
   0.0000220800   -0.0000242200    0.0024097600

129  
 -0.0025886711035978   0.0044837098755168  -0.0085554151079647
  -0.0021478100    0.0037172100   -0.0566674500
   0.0002229300    0.0000790800   -0.0020648100
   0.0001523200    0.0000989400   -0.0021623500
   0.0004849300   -0.0000823600   -0.0019354200
  -0.0005162200   -0.0000665300   -0.0017689900
   0.0000373000   -0.0002134200   -0.0022312500
   0.0000006600   -0.0000211600   -0.0022928400
   0.0000102800   -0.0000249300   -0.0022801400
  -0.0001876300    0.0001093900   -0.0020414200
  -0.0000007100   -0.0000322600   -0.0022896800
  -0.0000075200   -0.0001600900   -0.0022824200
   0.0000141200   -0.0000231400   -0.0022856400
  -0.0002295800    0.0002825000   -0.0018330000
   0.0000096400   -0.0000072900   -0.0022939800
   0.0000157600   -0.0000297400   -0.0022865100
   0.0001324300   -0.0002866100   -0.0021664300
   0.0000162300   -0.0000370300   -0.0024703300
   0.0000140100   -0.0000160200   -0.0023567100
   0.0000196400   -0.0000212600   -0.0023854000
  -0.0001518100    0.0000670000   -0.0024628500
   0.0001549700    0.0000783300   -0.0024631400
  -0.0000002100   -0.0000148400   -0.0023565600
   0.0000115800   -0.0000206800   -0.0023829000
   0.0000024800   -0.0000076100   -0.0023714500
  -0.0000180800   -0.0000097000   -0.0023796600
  -0.0000025800   -0.0000193900   -0.0023809400
   0.0000098800   -0.0000129300   -0.0023911900
  -0.0000040700   -0.0000202500   -0.0023777300
  -0.0000103200   -0.0001063800   -0.0024109800
   0.0000034300   -0.0000069000   -0.0023744800
   0.0000099900   -0.0000197500   -0.0023873400
  -0.0000639600    0.0000369800   -0.0024095800
   0.0000097100   -0.0000270700   -0.0024148000
  -0.0000181700   -0.0000384000   -0.0023796100
  -0.0000030500    0.0000164500   -0.0024130600
  -0.0000213400   -0.0000208000   -0.0023879600
   0.0000402900   -0.0000292800   -0.0023993000
   0.0000142400    0.0000002100   -0.0023698900
  -0.0000265000    0.0000035500   -0.0024230900
   0.0000024100   -0.0000081300   -0.0023955300
   0.0000052600    0.0000010700   -0.0024109500
  -0.0000268900   -0.0000278900   -0.0024098600
  -0.0000118900   -0.0000307100   -0.0024158400
   0.0000141900   -0.0000058700   -0.0024102600
   0.0000368600   -0.0000416100   -0.0023939600
   0.0000021900    0.0000391800   -0.0024172600
   0.0000138800   -0.0000177200   -0.0024014300
  -0.0000058200   -0.0000029500   -0.0023744600
   0.0003362200   -0.0005932600   -0.0020105800
   0.0001217700    0.0007428500   -0.0032924800
   0.0000362500   -0.0000014100   -0.0023097500
   0.0002501100   -0.0001429100   -0.0028166000
  -0.0002102700   -0.0001322000   -0.0028223500
  -0.0006184200   -0.0005202000   -0.0032867400
   0.0000185600    0.0000154300   -0.0023252800
  -0.0000299700    0.0000617500   -0.0022730900
   0.0000346900   -0.0000358000   -0.0022919400
  -0.0000730000    0.0000044200   -0.0023078300
   0.0000053700   -0.0001240700   -0.0023286000
  -0.0000624100    0.0000244800   -0.0022987400
  -0.0000546600    0.0004695400   -0.0030596300
  -0.0000239500    0.0000738600   -0.0022868300
   0.0000386800   -0.0000032600   -0.0023290000
   0.0004447600   -0.0003545200   -0.0030486500
  -0.0022813600    0.0441042900   -0.0238938100
  -0.0084620500    0.0076016100   -0.0069635800
   0.0008005600    0.0009889700   -0.0032742800
   0.0006107200    0.0002824800   -0.0029484000
  -0.0014370300    0.0004045100   -0.0035150300
   0.0002364600   -0.0002912800   -0.0029070800
  -0.0001405700   -0.0003951300   -0.0027091200
   0.0000866400   -0.0001392600   -0.0028004700
  -0.0011892500    0.0013518500   -0.0036788300
   0.0001542200   -0.0000942100   -0.0027172700
   0.0000159600   -0.0001097600   -0.0027147100
  -0.0000460200   -0.0001361200   -0.0025462100
  -0.0163693700   -0.0040982700   -0.0153290600
   0.0001906200   -0.0002145100   -0.0028879800
  -0.0000128700   -0.0000311400   -0.0027159700
   0.0000066700   -0.0002125600   -0.0029262000
   0.0000705400    0.0009424700   -0.0025733200
  -0.0003335100    0.0001222600   -0.0021974200
  -0.0000030300   -0.0000346500   -0.0023830000
  -0.0000201700   -0.0000921000   -0.0023483500
   0.0000559400   -0.0001021600   -0.0023326200
  -0.0000772700    0.0001258400   -0.0023553100
   0.0000301100    0.0000008900   -0.0023997800
   0.0000108500   -0.0000057500   -0.0023666000
   0.0000787900   -0.0000191500   -0.0023493200
  -0.0000320000    0.0000219200   -0.0023587200
   0.0000075000    0.0000495800   -0.0023593200
   0.0000292500    0.0000221400   -0.0023833300
  -0.0001820900   -0.0002581700   -0.0023855800
  -0.0000693000    0.0000426500   -0.0023661700
   0.0000054600   -0.0000020200   -0.0023587000
   0.0000260600    0.0000766400   -0.0023445600
   0.0000045200    0.0000136000   -0.0024185000
   0.0000235000   -0.0000053900   -0.0024033200
   0.0000023600    0.0000125400   -0.0023908400
   0.0000051600    0.0000427000   -0.0024093800
  -0.0000003500    0.0000404900   -0.0024089300
   0.0000306100   -0.0000099400   -0.0023825300
  -0.0000007400    0.0000051000   -0.0023887500
   0.0000003100    0.0000129800   -0.0024145300
  -0.0000128400    0.0000035000   -0.0024004300
   0.0000064400    0.0000100300   -0.0023995300
  -0.0000015400    0.0000124500   -0.0024027900
  -0.0000103600   -0.0000040800   -0.0023972000
  -0.0000103800   -0.0000013800   -0.0024106300
   0.0000171400    0.0000073300   -0.0023750500
  -0.0000047700    0.0000126700   -0.0024007900
  -0.0000330100    0.0000097700   -0.0023916700
  -0.0000127800    0.0000686600   -0.0023187800
   0.0001365400   -0.0000513300   -0.0022160400
  -0.0001301100    0.0000917700   -0.0025046700
  -0.0000152700   -0.0000632700   -0.0023973500
  -0.0000093900   -0.0000662500   -0.0024009800
  -0.0000055000   -0.0001468000   -0.0025121200
  -0.0001192300    0.0001053300   -0.0025002400
  -0.0000098600    0.0000283100   -0.0022611200
   0.0000913900    0.0000863100   -0.0024547000
   0.0000528500   -0.0000237800   -0.0023360600
   0.0000051400    0.0000122400   -0.0023673500
   0.0000805700    0.0000945300   -0.0024471600
  -0.0001025100   -0.0000165100   -0.0022681200
   0.0000675800    0.0001116800   -0.0025573100
  -0.0000234300   -0.0000127900   -0.0023527300
   0.0000240300   -0.0000797800   -0.0024683000
   0.0292959200   -0.0515032000    0.0994310700
  -0.0030091200    0.0007946600    0.0041426900
  -0.0006950000   -0.0002518300    0.0031496500
  -0.0013892700    0.0001830700    0.0033255700
   0.0020531500   -0.0016503900    0.0043851900
  -0.0009726400    0.0006653800    0.0030762900
   0.0000198100    0.0000838300    0.0027117400
  -0.0001059800    0.0000651500    0.0027342400
   0.0011653400   -0.0006121200    0.0035191200
  -0.0000865700    0.0001675900    0.0027230900
  -0.0000757000    0.0000886900    0.0027744300
  -0.0001294200    0.0001422100    0.0027232800
   0.0036805100    0.0000706300    0.0047948600
  -0.0001057500    0.0000151700    0.0027091600
  -0.0000219200    0.0001079900    0.0027371400
  -0.0005692800    0.0001180500    0.0026689400
  -0.0000646000    0.0000853600    0.0022642600
   0.0000386800   -0.0000348400    0.0023065800
   0.0000216600    0.0000053300    0.0023493700
   0.0002456300   -0.0001481300    0.0026442400
  -0.0002768200   -0.0001585400    0.0026595000
   0.0000500900   -0.0000354300    0.0022917500
  -0.0000062100   -0.0000130200    0.0023705800
  -0.0000087500   -0.0000214800    0.0023314900
  -0.0000350600    0.0000032400    0.0023279700
   0.0000075500   -0.0000774100    0.0023203700
  -0.0000083500   -0.0000521000    0.0023705900
  -0.0000059900   -0.0000105200    0.0023513800
  -0.0000346700    0.0001374100    0.0024913500
   0.0000239600   -0.0000165400    0.0023216200
   0.0000113800   -0.0000611600    0.0023185700
   0.0000763800   -0.0000959700    0.0024597500
  -0.0000042300   -0.0000200600    0.0023819800
   0.0000122900   -0.0000141300    0.0023940800
   0.0000079300   -0.0000482600    0.0023939300
   0.0000120200   -0.0000269900    0.0023877200
  -0.0000221300   -0.0000179000    0.0023825500
  -0.0000083900   -0.0000308600    0.0023995300
   0.0000259900   -0.0000443900    0.0023841800
   0.0000011900   -0.0000288100    0.0023992000
  -0.0000071500   -0.0000352100    0.0023940400
   0.0000141500   -0.0000229200    0.0023913200
   0.0000111200   -0.0000169400    0.0023898000
  -0.0000113200   -0.0000375700    0.0023919500
  -0.0000219900   -0.0000115000    0.0023854500
   0.0000014500   -0.0000576400    0.0023836200
   0.0000009700   -0.0000295500    0.0023993600
   0.0000092300   -0.0000274800    0.0023965500
  -0.0000651600    0.0000856900    0.0022627100
  -0.0000501600   -0.0005244900    0.0025339100
   0.0000258300    0.0000074100    0.0023493200
  -0.0001547500    0.0000607200    0.0024146000
   0.0001587600    0.0000705100    0.0023977300
   0.0003951000    0.0002662400    0.0025511400
  -0.0000077800   -0.0000499900    0.0023308000
   0.0000239600   -0.0000380900    0.0023112100
  -0.0000393200    0.0000054400    0.0023306600
  -0.0000414000   -0.0000309100    0.0023507600
  -0.0000081300   -0.0000566600    0.0023687400
   0.0000267300   -0.0000661800    0.0023207100
   0.0000191700   -0.0003731200    0.0024573700
  -0.0000087300    0.0000196400    0.0023524700
   0.0000289900   -0.0000335600    0.0023501600
  -0.0002691800    0.0001647700    0.0024919300
  -0.0000659300    0.0028310600    0.0009297900
   0.0034075100   -0.0018659600    0.0021805500
  -0.0001668200    0.0000283800    0.0021465500
  -0.0000360500   -0.0000726000    0.0021925200
   0.0000288100   -0.0000688100    0.0020815500
   0.0000647500   -0.0000220400    0.0022115700
  -0.0000848400    0.0001790400    0.0022584400
  -0.0000155200    0.0000529900    0.0023145500
   0.0001287100    0.0000411300    0.0020594000
   0.0000674300   -0.0000199300    0.0022955500
   0.0000064500    0.0000467800    0.0023277300
   0.0000757300    0.0001480700    0.0022799600
  -0.0029670500   -0.0015360200    0.0015570700
   0.0000369900   -0.0000018300    0.0021929100
  -0.0000380400   -0.0000099900    0.0023111700
  -0.0000506200    0.0000125700    0.0022306200
  -0.0000674500   -0.0017207800    0.0033249200
  -0.0005066100    0.0003997800   -0.0001621300
  -0.0001527200   -0.0000933600    0.0022152400
  -0.0001823200   -0.0000255500    0.0021236300
   0.0001753900    0.0000049200    0.0020868400
   0.0000683700   -0.0000212900    0.0022114600
   0.0000055100    0.0002418800    0.0022518000
  -0.0000157700    0.0000534900    0.0023147300
   0.0001142400   -0.0001084200    0.0021325400
   0.0000505600   -0.0000100300    0.0022852500
   0.0000060400    0.0000264500    0.0023389500
  -0.0000149100    0.0002373600    0.0022060200
   0.0009585600    0.0007386500    0.0015767800
   0.0000377800   -0.0000059200    0.0021962300
  -0.0000210700   -0.0000001600    0.0023127300
  -0.0000522000    0.0000130800    0.0022289100
   0.0000023600    0.0000330400    0.0023654700
  -0.0000365900    0.0000439600    0.0024007700
  -0.0000066200    0.0000208000    0.0023699100
   0.0000017500   -0.0000306400    0.0024268100
   0.0000059400   -0.0000322500    0.0024297600
  -0.0000589300    0.0000640400    0.0024073800
  -0.0000001200    0.0000270900    0.0023656600
   0.0000055100    0.0000180200    0.0023644400
   0.0000332200    0.0000335600    0.0024019900
  -0.0000046300    0.0000233600    0.0023696300
   0.0000045400    0.0000358700    0.0023702000
   0.0000261500    0.0000361200    0.0023940700
   0.0000176500    0.0000295600    0.0023835500
  -0.0000316600    0.0000458700    0.0023780200
   0.0000019700    0.0000168200    0.0023697400
   0.0000551800    0.0000305100    0.0024364200
   0.0000035300    0.0000163400    0.0023754300
  -0.0000514000    0.0000527400    0.0023918700
   0.0000771100   -0.0000129200    0.0024119200
   0.0000088300    0.0000552900    0.0023830700
  -0.0000007700    0.0000561000    0.0023822200
   0.0000182700    0.0001093200    0.0024075100
   0.0000674200   -0.0000266000    0.0024141600
   0.0000053600    0.0000178200    0.0023652200
  -0.0000501200   -0.0000038500    0.0023959700
  -0.0000078500    0.0000258900    0.0023677400
   0.0000045100    0.0000322700    0.0023712400
  -0.0000410800   -0.0000143000    0.0023999500
   0.0000323000    0.0000379400    0.0023836100
  -0.0000312500   -0.0000434900    0.0024239400
   0.0000047900    0.0000187400    0.0023701600
  -0.0000220300    0.0000753000    0.0023899100
