cos_theta	alpha_TA	alpha_LA
0.000000	0.000000	0.000000
0.003344	0.000000	0.031664
0.006689	0.000000	0.062321
0.010033	0.000000	0.091995
0.013378	0.000000	0.120716
0.016722	0.000000	0.148507
0.020067	0.000000	0.175396
0.023411	0.000000	0.201408
0.026756	0.000000	0.226567
0.030100	0.000000	0.250898
0.033445	0.000000	0.274426
0.036789	0.000000	0.297174
0.040134	0.000000	0.319165
0.043478	0.000000	0.340423
0.046823	0.000000	0.360969
0.050167	0.000000	0.380825
0.053512	0.000000	0.400012
0.056856	0.000000	0.418553
0.060201	0.000000	0.436466
0.063545	0.000000	0.453772
0.066890	0.000000	0.470491
0.070234	0.000000	0.486641
0.073579	0.000000	0.502241
0.076923	0.000000	0.517309
0.080268	0.000000	0.531862
0.083612	0.000000	0.545918
0.086957	0.000000	0.559492
0.090301	0.000000	0.572602
0.093645	0.000000	0.585263
0.096990	0.000000	0.597490
0.100334	0.000000	0.609298
0.103679	0.000000	0.620702
0.107023	0.000000	0.631715
0.110368	0.000000	0.642350
0.113712	0.000000	0.652621
0.117057	0.000000	0.662541
0.120401	0.000000	0.672122
0.123746	0.000000	0.681376
0.127090	0.000000	0.690313
0.130435	0.000000	0.698946
0.133779	0.000000	0.707286
0.137124	0.000000	0.715342
0.140468	0.000000	0.723124
0.143813	0.000000	0.730643
0.147157	0.000000	0.737908
0.150502	0.000000	0.744928
0.153846	0.000000	0.751711
0.157191	0.000000	0.758266
0.160535	0.000000	0.764602
0.163880	0.000000	0.770726
0.167224	0.000000	0.776646
0.170569	0.000000	0.782369
0.173913	0.000000	0.787902
0.177258	0.000000	0.793252
0.180602	0.000000	0.798425
0.183946	0.000000	0.803429
0.187291	0.000000	0.808269
0.190635	0.000000	0.812950
0.193980	0.000000	0.817480
0.197324	0.000000	0.821862
0.200669	0.000000	0.826103
0.204013	0.000000	0.830207
0.207358	0.000000	0.834180
0.210702	0.000000	0.838026
0.214047	0.000000	0.841749
0.217391	0.000000	0.845355
0.220736	0.000000	0.848846
0.224080	0.000000	0.852228
0.227425	0.000000	0.855503
0.230769	0.000000	0.858677
0.234114	0.000000	0.861752
0.237458	0.000000	0.864732
0.240803	0.000000	0.867621
0.244147	0.000000	0.870420
0.247492	0.000000	0.873135
0.250836	0.000000	0.875767
0.254181	0.000000	0.878319
0.257525	0.000000	0.880795
0.260870	0.000000	0.883197
0.264214	0.000000	0.885527
0.267559	0.000000	0.887788
0.270903	0.000000	0.889983
0.274247	0.000000	0.892113
0.277592	0.000000	0.894181
0.280936	0.000000	0.896188
0.284281	0.000000	0.898138
0.287625	0.000000	0.900032
0.290970	0.000000	0.901871
0.294314	0.000000	0.903658
0.297659	0.000000	0.905395
0.301003	0.000000	0.907082
0.304348	0.000000	0.908723
0.307692	0.000000	0.910317
0.311037	0.000000	0.911868
0.314381	0.000000	0.913375
0.317726	0.000000	0.914841
0.321070	0.000000	0.916268
0.324415	0.000000	0.917655
0.327759	0.000000	0.919005
0.331104	0.000000	0.920319
0.334448	0.000000	0.921598
0.337793	0.000000	0.922843
0.341137	0.000000	0.924055
0.344482	0.000000	0.925236
0.347826	0.000000	0.926385
0.351171	0.000000	0.927505
0.354515	0.000000	0.928595
0.357860	0.000000	0.929658
0.361204	0.000000	0.930694
0.364548	0.000000	0.931703
0.367893	0.000000	0.932687
0.371237	0.000000	0.933646
0.374582	0.000000	0.934581
0.377926	0.000000	0.935493
0.381271	0.000000	0.936382
0.384615	0.000000	0.937250
0.387960	0.000000	0.938097
0.391304	0.000000	0.938923
0.394649	0.000000	0.939729
0.397993	0.000000	0.940515
0.401338	0.000000	0.941283
0.404682	0.000000	0.942033
0.408027	0.000000	0.942765
0.411371	0.000000	0.943480
0.414716	0.000000	0.944178
0.418060	0.000000	0.944860
0.421405	0.000000	0.945526
0.424749	0.000000	0.946177
0.428094	0.000000	0.946813
0.431438	0.000000	0.947435
0.434783	0.000000	0.948043
0.438127	0.000000	0.948637
0.441472	0.000000	0.949218
0.444816	0.000000	0.949786
0.448161	0.000000	0.950342
0.451505	0.000000	0.950885
0.454849	0.000000	0.951416
0.458194	0.000000	0.951936
0.461538	0.000000	0.952445
0.464883	0.000000	0.952943
0.468227	0.000000	0.953430
0.471572	0.000000	0.953907
0.474916	0.000000	0.954374
0.478261	0.000000	0.954831
0.481605	0.000000	0.955279
0.484950	0.000000	0.955717
0.488294	0.000000	0.956146
0.491639	0.000000	0.956567
0.494983	0.000000	0.956979
0.498328	0.000000	0.957382
0.501672	0.000000	0.957778
0.505017	0.000000	0.958165
0.508361	0.000000	0.958545
0.511706	0.000000	0.958917
0.515050	0.000000	0.959282
0.518395	0.000000	0.959640
0.521739	0.000000	0.959991
0.525084	0.000000	0.960335
0.528428	0.000000	0.960672
0.531773	0.000000	0.961003
0.535117	0.000000	0.961328
0.538462	0.000000	0.961646
0.541806	0.000000	0.961958
0.545151	0.000000	0.962265
0.548495	0.000000	0.962566
0.551839	0.000000	0.962861
0.555184	0.000000	0.963150
0.558528	0.000000	0.963435
0.561873	0.000000	0.963714
0.565217	0.000000	0.963988
0.568562	0.000000	0.964257
0.571906	0.000000	0.964522
0.575251	0.000000	0.964781
0.578595	0.000000	0.965036
0.581940	0.000000	0.965287
0.585284	0.000000	0.965533
0.588629	0.000000	0.965774
0.591973	0.000000	0.966012
0.595318	0.000000	0.966245
0.598662	0.000000	0.966474
0.602007	0.362063	0.966700
0.605351	0.650130	0.966921
0.608696	0.761810	0.967139
0.612040	0.826836	0.967353
0.615385	0.869920	0.967563
0.618729	0.900456	0.967770
0.622074	0.923012	0.967974
0.625418	0.940138	0.968174
0.628763	0.953392	0.968371
0.632107	0.963784	0.968564
0.635452	0.972005	0.968755
0.638796	0.978543	0.968942
0.642140	0.983753	0.969126
0.645485	0.987901	0.969307
0.648829	0.991190	0.969486
0.652174	0.993774	0.969661
0.655518	0.995779	0.969834
0.658863	0.997301	0.970004
0.662207	0.998420	0.970171
0.665552	0.999201	0.970336
0.668896	0.999696	0.970498
0.672241	0.999948	0.970658
0.675585	0.999994	0.970815
0.678930	0.999865	0.970970
0.682274	0.999585	0.971122
0.685619	0.999178	0.971272
0.688963	0.998660	0.971420
0.692308	0.998049	0.971565
0.695652	0.997358	0.971709
0.698997	0.996597	0.971850
0.702341	0.995779	0.971989
0.705686	0.994910	0.972126
0.709030	0.994000	0.972261
0.712375	0.993053	0.972394
0.715719	0.992077	0.972525
0.719064	0.991076	0.972655
0.722408	0.990055	0.972782
0.725753	0.989017	0.972908
0.729097	0.987967	0.973031
0.732441	0.986905	0.973153
0.735786	0.985837	0.973273
0.739130	0.984763	0.973392
0.742475	0.983686	0.973509
0.745819	0.982608	0.973624
0.749164	0.981530	0.973738
0.752508	0.980453	0.973850
0.755853	0.979379	0.973960
0.759197	0.978310	0.974069
0.762542	0.977244	0.974177
0.765886	0.976185	0.974283
0.769231	0.975132	0.974387
0.772575	0.974086	0.974490
0.775920	0.973047	0.974592
0.779264	0.972017	0.974692
0.782609	0.970995	0.974791
0.785953	0.969981	0.974889
0.789298	0.968977	0.974986
0.792642	0.967982	0.975081
0.795987	0.966997	0.975175
0.799331	0.966021	0.975267
0.802676	0.965055	0.975359
0.806020	0.964100	0.975449
0.809365	0.963154	0.975538
0.812709	0.962219	0.975626
0.816054	0.961293	0.975713
0.819398	0.960378	0.975799
0.822742	0.959473	0.975883
0.826087	0.958578	0.975967
0.829431	0.957694	0.976049
0.832776	0.956820	0.976131
0.836120	0.955955	0.976211
0.839465	0.955101	0.976291
0.842809	0.954257	0.976369
0.846154	0.953423	0.976447
0.849498	0.952598	0.976523
0.852843	0.951784	0.976599
0.856187	0.950979	0.976674
0.859532	0.950183	0.976747
0.862876	0.949398	0.976820
0.866221	0.948621	0.976892
0.869565	0.947854	0.976963
0.872910	0.947096	0.977034
0.876254	0.946347	0.977103
0.879599	0.945608	0.977172
0.882943	0.944877	0.977240
0.886288	0.944155	0.977307
0.889632	0.943441	0.977373
0.892977	0.942736	0.977438
0.896321	0.942040	0.977503
0.899666	0.941352	0.977567
0.903010	0.940672	0.977630
0.906355	0.940000	0.977692
0.909699	0.939337	0.977754
0.913043	0.938681	0.977815
0.916388	0.938033	0.977876
0.919732	0.937393	0.977935
0.923077	0.936760	0.977994
0.926421	0.936135	0.978053
0.929766	0.935517	0.978110
0.933110	0.934907	0.978167
0.936455	0.934303	0.978224
0.939799	0.933707	0.978279
0.943144	0.933118	0.978335
0.946488	0.932535	0.978389
0.949833	0.931960	0.978443
0.953177	0.931391	0.978496
0.956522	0.930829	0.978549
0.959866	0.930273	0.978601
0.963211	0.929723	0.978653
0.966555	0.929180	0.978704
0.969900	0.928643	0.978754
0.973244	0.928112	0.978804
0.976589	0.927588	0.978854
0.979933	0.927069	0.978903
0.983278	0.926556	0.978951
0.986622	0.926049	0.978999
0.989967	0.925547	0.979047
0.993311	0.925052	0.979093
0.996656	0.924561	0.979140
1.000000	0.924077	0.979186
