216  
1    

1    
 -0.0057735026918963   0.0057735026918963   0.0057735026918963
   0.0427607900   -0.0427607900   -0.0427607900
  -0.0106040100    0.0106040100    0.0106040100
   0.0029257500   -0.0029257500   -0.0029257500
  -0.0022215000    0.0022215000    0.0022215000
   0.0028246500   -0.0028246500   -0.0028246500
  -0.0101879000    0.0101879000    0.0101879000
  -0.0048409200    0.0048409200   -0.0003432200
   0.0005960100   -0.0005960100    0.0046777100
   0.0007793500   -0.0007793500    0.0021547600
  -0.0004312900    0.0004312900   -0.0004372500
   0.0002679800   -0.0002679800   -0.0002875000
  -0.0010596500    0.0010596500   -0.0017600900
   0.0006254400   -0.0006254400    0.0014921400
   0.0015148900   -0.0015148900    0.0006181200
  -0.0001334700    0.0001334700   -0.0023253400
   0.0001101800   -0.0001101800   -0.0001919600
  -0.0003306800    0.0003306800    0.0003961800
   0.0000990400   -0.0000990400   -0.0000763400
  -0.0005288400    0.0005288400   -0.0011634100
  -0.0004814600    0.0004814600   -0.0004889800
   0.0000352000   -0.0000352000    0.0001112600
  -0.0001571200    0.0001571200    0.0001102000
  -0.0000449400    0.0000449400    0.0001966600
  -0.0003940600    0.0003940600   -0.0005785900
   0.0007140800   -0.0007140800    0.0015786000
   0.0000919300   -0.0000919300    0.0000639900
  -0.0003021900    0.0003021900    0.0003935000
   0.0001928000   -0.0001928000   -0.0001246100
  -0.0001343800    0.0001343800   -0.0021978800
   0.0015315100   -0.0015315100    0.0006293300
  -0.0050736100    0.0050736100   -0.0006163900
  -0.0011102200    0.0011102200   -0.0018215500
   0.0002610800   -0.0002610800   -0.0004064500
  -0.0005060400    0.0005060400   -0.0005061800
   0.0007512100   -0.0007512100    0.0021317600
   0.0004999200   -0.0004999200    0.0044491200
  -0.0048409200   -0.0003432200    0.0048409200
   0.0005960100    0.0046777100   -0.0005960100
   0.0007793500    0.0021547600   -0.0007793500
  -0.0004312900   -0.0004372500    0.0004312900
   0.0002679800   -0.0002875000   -0.0002679800
  -0.0010596500   -0.0017600900    0.0010596500
  -0.0044491200   -0.0004999200   -0.0004999200
   0.0006163900    0.0050736100    0.0050736100
   0.0018215500    0.0011102200    0.0011102200
   0.0004064500   -0.0002610800   -0.0002610800
   0.0005061800    0.0005060400    0.0005060400
  -0.0021317600   -0.0007512100   -0.0007512100
  -0.0013878600    0.0006941300   -0.0000851700
  -0.0003376900   -0.0017900300    0.0003627600
   0.0000577100    0.0006794700    0.0013789500
   0.0001541700    0.0002748500    0.0002572000
  -0.0001256300    0.0001553000    0.0001495200
  -0.0002719600    0.0002440000   -0.0001525700
   0.0005431000    0.0001188700    0.0000000100
   0.0002538200   -0.0001130600   -0.0000879000
   0.0000844200   -0.0001539600   -0.0000814200
  -0.0001689200    0.0000891400   -0.0000442700
   0.0001525600   -0.0000713500    0.0000391700
  -0.0001521600   -0.0000244100   -0.0000303100
   0.0002396900   -0.0002604700   -0.0000883000
  -0.0000272900   -0.0004626400    0.0000843400
   0.0000278300    0.0001817400    0.0000022400
   0.0002041900   -0.0001547800    0.0000357200
  -0.0000120100    0.0002446500    0.0000396800
   0.0001522400   -0.0000693700   -0.0000619800
   0.0017900300    0.0003627600    0.0003376900
  -0.0006794700    0.0013789500   -0.0000577100
  -0.0002748500    0.0002572000   -0.0001541700
  -0.0001553000    0.0001495200    0.0001256300
  -0.0002440000   -0.0001525700    0.0002719600
  -0.0006941300   -0.0000851700    0.0013878600
   0.0006254400    0.0014921400   -0.0006254400
   0.0015148900    0.0006181200   -0.0015148900
  -0.0001334700   -0.0023253400    0.0001334700
   0.0001101800   -0.0001919600   -0.0001101800
  -0.0003306800    0.0003961800    0.0003306800
   0.0000990400   -0.0000763400   -0.0000990400
  -0.0013878600   -0.0000851700    0.0006941300
  -0.0003376900    0.0003627600   -0.0017900300
   0.0000577100    0.0013789500    0.0006794700
   0.0001541700    0.0002572000    0.0002748500
  -0.0001256300    0.0001495200    0.0001553000
  -0.0002719600   -0.0001525700    0.0002440000
   0.0021978800    0.0001343800    0.0001343800
  -0.0006293300   -0.0015315100   -0.0015315100
  -0.0015786000   -0.0007140800   -0.0007140800
  -0.0000639900   -0.0000919300   -0.0000919300
  -0.0003935000    0.0003021900    0.0003021900
   0.0001246100   -0.0001928000   -0.0001928000
  -0.0000396800    0.0000120100    0.0002446500
   0.0000619800   -0.0001522400   -0.0000693700
   0.0000883000   -0.0002396900   -0.0002604700
  -0.0000843400    0.0000272900   -0.0004626400
  -0.0000022400   -0.0000278300    0.0001817400
  -0.0000357200   -0.0002041900   -0.0001547800
  -0.0003950400    0.0002090100    0.0002286200
   0.0000577600   -0.0000288500   -0.0002077600
  -0.0002286200    0.0003950400    0.0002090100
   0.0002077600   -0.0000577600   -0.0000288500
  -0.0002090100    0.0002286200    0.0003950400
   0.0000288500   -0.0002077600   -0.0000577600
   0.0001130600   -0.0000879000   -0.0002538200
   0.0001539600   -0.0000814200   -0.0000844200
  -0.0000891400   -0.0000442700    0.0001689200
   0.0000713500    0.0000391700   -0.0001525600
   0.0000244100   -0.0000303100    0.0001521600
  -0.0001188700    0.0000000100   -0.0005431000
  -0.0005288400   -0.0011634100    0.0005288400
  -0.0004814600   -0.0004889800    0.0004814600
   0.0000352000    0.0001112600   -0.0000352000
  -0.0001571200    0.0001102000    0.0001571200
  -0.0000449400    0.0001966600    0.0000449400
  -0.0003940600   -0.0005785900    0.0003940600
   0.0005431000    0.0000000100    0.0001188700
   0.0002538200   -0.0000879000   -0.0001130600
   0.0000844200   -0.0000814200   -0.0001539600
  -0.0001689200   -0.0000442700    0.0000891400
   0.0001525600    0.0000391700   -0.0000713500
  -0.0001521600   -0.0000303100   -0.0000244100
  -0.0000396800    0.0002446500    0.0000120100
   0.0000619800   -0.0000693700   -0.0001522400
   0.0000883000   -0.0002604700   -0.0002396900
  -0.0000843400   -0.0004626400    0.0000272900
  -0.0000022400    0.0001817400   -0.0000278300
  -0.0000357200   -0.0001547800   -0.0002041900
  -0.0001102000    0.0001571200    0.0001571200
  -0.0001966600    0.0000449400    0.0000449400
   0.0005785900    0.0003940600    0.0003940600
   0.0011634100    0.0005288400    0.0005288400
   0.0004889800    0.0004814600    0.0004814600
  -0.0001112600   -0.0000352000   -0.0000352000
   0.0000442700    0.0001689200    0.0000891400
  -0.0000391700   -0.0001525600   -0.0000713500
   0.0000303100    0.0001521600   -0.0000244100
  -0.0000000100   -0.0005431000    0.0001188700
   0.0000879000   -0.0002538200   -0.0001130600
   0.0000814200   -0.0000844200   -0.0001539600
   0.0004626400    0.0000843400    0.0000272900
  -0.0001817400    0.0000022400   -0.0000278300
   0.0001547800    0.0000357200   -0.0002041900
  -0.0002446500    0.0000396800    0.0000120100
   0.0000693700   -0.0000619800   -0.0001522400
   0.0002604700   -0.0000883000   -0.0002396900
   0.0007140800    0.0015786000   -0.0007140800
   0.0000919300    0.0000639900   -0.0000919300
  -0.0003021900    0.0003935000    0.0003021900
   0.0001928000   -0.0001246100   -0.0001928000
  -0.0001343800   -0.0021978800    0.0001343800
   0.0015315100    0.0006293300   -0.0015315100
   0.0002396900   -0.0000883000   -0.0002604700
  -0.0000272900    0.0000843400   -0.0004626400
   0.0000278300    0.0000022400    0.0001817400
   0.0002041900    0.0000357200   -0.0001547800
  -0.0000120100    0.0000396800    0.0002446500
   0.0001522400   -0.0000619800   -0.0000693700
  -0.0003950400    0.0002286200    0.0002090100
   0.0000577600   -0.0002077600   -0.0000288500
  -0.0002286200    0.0002090100    0.0003950400
   0.0002077600   -0.0000288500   -0.0000577600
  -0.0002090100    0.0003950400    0.0002286200
   0.0000288500   -0.0000577600   -0.0002077600
   0.0000442700    0.0000891400    0.0001689200
  -0.0000391700   -0.0000713500   -0.0001525600
   0.0000303100   -0.0000244100    0.0001521600
  -0.0000000100    0.0001188700   -0.0005431000
   0.0000879000   -0.0001130600   -0.0002538200
   0.0000814200   -0.0001539600   -0.0000844200
   0.0023253400    0.0001334700    0.0001334700
   0.0001919600   -0.0001101800   -0.0001101800
  -0.0003961800    0.0003306800    0.0003306800
   0.0000763400   -0.0000990400   -0.0000990400
  -0.0014921400   -0.0006254400   -0.0006254400
  -0.0006181200   -0.0015148900   -0.0015148900
  -0.0013789500   -0.0000577100    0.0006794700
  -0.0002572000   -0.0001541700    0.0002748500
  -0.0001495200    0.0001256300    0.0001553000
   0.0001525700    0.0002719600    0.0002440000
   0.0000851700    0.0013878600    0.0006941300
  -0.0003627600    0.0003376900   -0.0017900300
  -0.0050736100   -0.0006163900    0.0050736100
  -0.0011102200   -0.0018215500    0.0011102200
   0.0002610800   -0.0004064500   -0.0002610800
  -0.0005060400   -0.0005061800    0.0005060400
   0.0007512100    0.0021317600   -0.0007512100
   0.0004999200    0.0044491200   -0.0004999200
   0.0017900300    0.0003376900    0.0003627600
  -0.0006794700   -0.0000577100    0.0013789500
  -0.0002748500   -0.0001541700    0.0002572000
  -0.0001553000    0.0001256300    0.0001495200
  -0.0002440000    0.0002719600   -0.0001525700
  -0.0006941300    0.0013878600   -0.0000851700
   0.0001130600   -0.0002538200   -0.0000879000
   0.0001539600   -0.0000844200   -0.0000814200
  -0.0000891400    0.0001689200   -0.0000442700
   0.0000713500   -0.0001525600    0.0000391700
   0.0000244100    0.0001521600   -0.0000303100
  -0.0001188700   -0.0005431000    0.0000000100
   0.0004626400    0.0000272900    0.0000843400
  -0.0001817400   -0.0000278300    0.0000022400
   0.0001547800   -0.0002041900    0.0000357200
  -0.0002446500    0.0000120100    0.0000396800
   0.0000693700   -0.0001522400   -0.0000619800
   0.0002604700   -0.0002396900   -0.0000883000
  -0.0013789500    0.0006794700   -0.0000577100
  -0.0002572000    0.0002748500   -0.0001541700
  -0.0001495200    0.0001553000    0.0001256300
   0.0001525700    0.0002440000    0.0002719600
   0.0000851700    0.0006941300    0.0013878600
  -0.0003627600   -0.0017900300    0.0003376900
  -0.0046777100   -0.0005960100   -0.0005960100
  -0.0021547600   -0.0007793500   -0.0007793500
   0.0004372500    0.0004312900    0.0004312900
   0.0002875000   -0.0002679800   -0.0002679800
   0.0017600900    0.0010596500    0.0010596500
   0.0003432200    0.0048409200    0.0048409200
