cos_theta	alpha_TA	alpha_LA
0.000000	0.000000	0.000000
0.003344	0.039942	0.000000
0.006689	0.078294	0.000000
0.010033	0.115123	0.000000
0.013378	0.150494	0.000000
0.016722	0.184470	0.000000
0.020067	0.217107	0.000000
0.023411	0.248463	0.000000
0.026756	0.278590	0.000000
0.030100	0.307540	0.000000
0.033445	0.335361	0.000000
0.036789	0.362099	0.000000
0.040134	0.387799	0.000000
0.043478	0.412502	0.000000
0.046823	0.436249	0.000000
0.050167	0.459078	0.000000
0.053512	0.481027	0.000000
0.056856	0.502130	0.000000
0.060201	0.522420	0.000000
0.063545	0.541931	0.000000
0.066890	0.560692	0.000000
0.070234	0.578734	0.000000
0.073579	0.596084	0.000000
0.076923	0.612769	0.000000
0.080268	0.628815	0.000000
0.083612	0.644247	0.000000
0.086957	0.659089	0.000000
0.090301	0.673363	0.000000
0.093645	0.687090	0.000000
0.096990	0.700293	0.000000
0.100334	0.712990	0.000000
0.103679	0.725201	0.000000
0.107023	0.736945	0.000000
0.110368	0.748238	0.000000
0.113712	0.759098	0.000000
0.117057	0.769542	0.000000
0.120401	0.779584	0.000000
0.123746	0.789239	0.000000
0.127090	0.798523	0.000000
0.130435	0.807449	0.000000
0.133779	0.816029	0.000000
0.137124	0.824277	0.000000
0.140468	0.832206	0.000000
0.143813	0.839826	0.000000
0.147157	0.847149	0.000000
0.150502	0.854186	0.000000
0.153846	0.860948	0.000000
0.157191	0.867444	0.000000
0.160535	0.873684	0.000000
0.163880	0.879678	0.000000
0.167224	0.885434	0.000000
0.170569	0.890961	0.000000
0.173913	0.896267	0.000000
0.177258	0.901360	0.000000
0.180602	0.906248	0.000000
0.183946	0.910939	0.000000
0.187291	0.915438	0.000000
0.190635	0.919754	0.000000
0.193980	0.923893	0.000000
0.197324	0.927861	0.000000
0.200669	0.931664	0.000000
0.204013	0.935308	0.000000
0.207358	0.938799	0.000000
0.210702	0.942142	0.000000
0.214047	0.945343	0.000000
0.217391	0.948407	0.000000
0.220736	0.951338	0.000000
0.224080	0.954141	0.000000
0.227425	0.956821	0.000000
0.230769	0.959382	0.000000
0.234114	0.961828	0.000000
0.237458	0.964164	0.000000
0.240803	0.966393	0.000000
0.244147	0.968520	0.000000
0.247492	0.970547	0.000000
0.250836	0.972478	0.000000
0.254181	0.974318	0.000000
0.257525	0.976068	0.000000
0.260870	0.977733	0.000000
0.264214	0.979314	0.000000
0.267559	0.980816	0.000000
0.270903	0.982241	0.000000
0.274247	0.983592	0.000000
0.277592	0.984871	0.000000
0.280936	0.986082	0.000000
0.284281	0.987225	0.000000
0.287625	0.988305	0.000000
0.290970	0.989322	0.000000
0.294314	0.990280	0.000000
0.297659	0.991181	0.000000
0.301003	0.992026	0.000000
0.304348	0.992817	0.000000
0.307692	0.993557	0.000000
0.311037	0.994248	0.000000
0.314381	0.994890	0.000000
0.317726	0.995487	0.000000
0.321070	0.996039	0.000000
0.324415	0.996548	0.000000
0.327759	0.997016	0.000000
0.331104	0.997444	0.000000
0.334448	0.997834	0.000000
0.337793	0.998187	0.000000
0.341137	0.998504	0.000000
0.344482	0.998788	0.000000
0.347826	0.999038	0.359130
0.351171	0.999257	0.467181
0.354515	0.999445	0.536818
0.357860	0.999604	0.587914
0.361204	0.999734	0.627867
0.364548	0.999837	0.660346
0.367893	0.999915	0.687458
0.371237	0.999967	0.710535
0.374582	0.999994	0.730474
0.377926	0.999999	0.747909
0.381271	0.999981	0.763304
0.384615	0.999942	0.777011
0.387960	0.999882	0.789299
0.391304	0.999802	0.800382
0.394649	0.999703	0.810431
0.397993	0.999586	0.819586
0.401338	0.999451	0.827960
0.404682	0.999299	0.835649
0.408027	0.999132	0.842733
0.411371	0.998948	0.849279
0.414716	0.998750	0.855346
0.418060	0.998538	0.860983
0.421405	0.998311	0.866232
0.424749	0.998072	0.871132
0.428094	0.997820	0.875715
0.431438	0.997557	0.880010
0.434783	0.997281	0.884041
0.438127	0.996995	0.887833
0.441472	0.996698	0.891404
0.444816	0.996392	0.894772
0.448161	0.996075	0.897954
0.451505	0.995750	0.900963
0.454849	0.995416	0.903813
0.458194	0.995073	0.906515
0.461538	0.994723	0.909080
0.464883	0.994365	0.911518
0.468227	0.994000	0.913837
0.471572	0.993628	0.916045
0.474916	0.993249	0.918149
0.478261	0.992865	0.920157
0.481605	0.992474	0.922074
0.484950	0.992078	0.923906
0.488294	0.991677	0.925658
0.491639	0.991271	0.927335
0.494983	0.990860	0.928942
0.498328	0.990445	0.930481
0.501672	0.990026	0.931958
0.505017	0.989603	0.933376
0.508361	0.989176	0.934737
0.511706	0.988746	0.936046
0.515050	0.988312	0.937304
0.518395	0.987876	0.938515
0.521739	0.987437	0.939681
0.525084	0.986995	0.940804
0.528428	0.986551	0.941886
0.531773	0.986105	0.942930
0.535117	0.985657	0.943936
0.538462	0.985207	0.944908
0.541806	0.984755	0.945847
0.545151	0.984302	0.946753
0.548495	0.983848	0.947630
0.551839	0.983392	0.948477
0.555184	0.982935	0.949297
0.558528	0.982478	0.950091
0.561873	0.982019	0.950859
0.565217	0.981560	0.951603
0.568562	0.981101	0.952324
0.571906	0.980641	0.953023
0.575251	0.980180	0.953700
0.578595	0.979720	0.954358
0.581940	0.979259	0.954996
0.585284	0.978799	0.955615
0.588629	0.978339	0.956216
0.591973	0.977878	0.956800
0.595318	0.977419	0.957367
0.598662	0.976959	0.957919
0.602007	0.976500	0.958455
0.605351	0.976042	0.958976
0.608696	0.975585	0.959483
0.612040	0.975128	0.959977
0.615385	0.974671	0.960457
0.618729	0.974216	0.960925
0.622074	0.973762	0.961380
0.625418	0.973309	0.961824
0.628763	0.972856	0.962256
0.632107	0.972405	0.962677
0.635452	0.971955	0.963088
0.638796	0.971506	0.963488
0.642140	0.971059	0.963879
0.645485	0.970613	0.964260
0.648829	0.970168	0.964631
0.652174	0.969724	0.964994
0.655518	0.969282	0.965348
0.658863	0.968842	0.965694
0.662207	0.968403	0.966032
0.665552	0.967966	0.966362
0.668896	0.967530	0.966684
0.672241	0.967096	0.966999
0.675585	0.966663	0.967307
0.678930	0.966233	0.967608
0.682274	0.965804	0.967902
0.685619	0.965376	0.968189
0.688963	0.964951	0.968471
0.692308	0.964527	0.968746
0.695652	0.964105	0.969016
0.698997	0.963685	0.969279
0.702341	0.963267	0.969537
0.705686	0.962851	0.969790
0.709030	0.962436	0.970037
0.712375	0.962024	0.970280
0.715719	0.961613	0.970517
0.719064	0.961205	0.970750
0.722408	0.960798	0.970977
0.725753	0.960394	0.971201
0.729097	0.959991	0.971419
0.732441	0.959590	0.971634
0.735786	0.959192	0.971844
0.739130	0.958795	0.972050
0.742475	0.958400	0.972252
0.745819	0.958008	0.972451
0.749164	0.957617	0.972645
0.752508	0.957229	0.972836
0.755853	0.956843	0.973023
0.759197	0.956458	0.973207
0.762542	0.956076	0.973387
0.765886	0.955696	0.973564
0.769231	0.955317	0.973738
0.772575	0.954941	0.973908
0.775920	0.954567	0.974076
0.779264	0.954195	0.974240
0.782609	0.953825	0.974402
0.785953	0.953458	0.974561
0.789298	0.953092	0.974717
0.792642	0.952728	0.974870
0.795987	0.952367	0.975021
0.799331	0.952007	0.975169
0.802676	0.951650	0.975314
0.806020	0.951294	0.975457
0.809365	0.950941	0.975598
0.812709	0.950589	0.975736
0.816054	0.950240	0.975872
0.819398	0.949893	0.976005
0.822742	0.949548	0.976137
0.826087	0.949205	0.976266
0.829431	0.948864	0.976393
0.832776	0.948525	0.976518
0.836120	0.948187	0.976641
0.839465	0.947852	0.976762
0.842809	0.947519	0.976882
0.846154	0.947188	0.976999
0.849498	0.946859	0.977114
0.852843	0.946532	0.977228
0.856187	0.946207	0.977340
0.859532	0.945884	0.977450
0.862876	0.945563	0.977559
0.866221	0.945244	0.977666
0.869565	0.944927	0.977771
0.872910	0.944611	0.977874
0.876254	0.944298	0.977976
0.879599	0.943987	0.978077
0.882943	0.943677	0.978176
0.886288	0.943370	0.978274
0.889632	0.943064	0.978370
0.892977	0.942760	0.978465
0.896321	0.942458	0.978558
0.899666	0.942158	0.978650
0.903010	0.941860	0.978741
0.906355	0.941564	0.978830
0.909699	0.941270	0.978918
0.913043	0.940977	0.979005
0.916388	0.940686	0.979091
0.919732	0.940397	0.979175
0.923077	0.940110	0.979258
0.926421	0.939825	0.979341
0.929766	0.939541	0.979422
0.933110	0.939260	0.979501
0.936455	0.938980	0.979580
0.939799	0.938701	0.979658
0.943144	0.938425	0.979735
0.946488	0.938150	0.979810
0.949833	0.937877	0.979885
0.953177	0.937606	0.979959
0.956522	0.937336	0.980031
0.959866	0.937069	0.980103
0.963211	0.936802	0.980174
0.966555	0.936538	0.980244
0.969900	0.936275	0.980313
0.973244	0.936014	0.980381
0.976589	0.935755	0.980448
0.979933	0.935497	0.980514
0.983278	0.935241	0.980580
0.986622	0.934986	0.980644
0.989967	0.934733	0.980708
0.993311	0.934482	0.980771
0.996656	0.934232	0.980833
1.000000	0.933984	0.980895
