cos_theta	alpha_TA	alpha_LA
0.000000	0.000000	0.000000
0.003344	0.118433	0.058032
0.006689	0.222978	0.112718
0.010033	0.315371	0.164267
0.013378	0.397105	0.212877
0.016722	0.469469	0.258728
0.020067	0.533580	0.301991
0.023411	0.590409	0.342822
0.026756	0.640801	0.381367
0.030100	0.685492	0.417762
0.033445	0.725129	0.452135
0.036789	0.760277	0.484603
0.040134	0.791435	0.515277
0.043478	0.819041	0.544261
0.046823	0.843481	0.571651
0.050167	0.865098	0.597536
0.053512	0.884195	0.622003
0.056856	0.901039	0.645128
0.060201	0.915871	0.666988
0.063545	0.928901	0.687651
0.066890	0.940320	0.707183
0.070234	0.950295	0.725644
0.073579	0.958976	0.743094
0.076923	0.966499	0.759585
0.080268	0.972984	0.775168
0.083612	0.978539	0.789892
0.086957	0.983259	0.803802
0.090301	0.987233	0.816940
0.093645	0.990536	0.829346
0.096990	0.993241	0.841058
0.100334	0.995408	0.852112
0.103679	0.997095	0.862541
0.107023	0.998353	0.872377
0.110368	0.999227	0.881651
0.113712	0.999759	0.890389
0.117057	0.999986	0.898620
0.120401	0.999942	0.906369
0.123746	0.999655	0.913659
0.127090	0.999155	0.920513
0.130435	0.998465	0.926954
0.133779	0.997608	0.933000
0.137124	0.996603	0.938672
0.140468	0.995469	0.943988
0.143813	0.994222	0.948966
0.147157	0.992876	0.953620
0.150502	0.991446	0.957969
0.153846	0.989942	0.962025
0.157191	0.988376	0.965804
0.160535	0.986757	0.969318
0.163880	0.985093	0.972580
0.167224	0.983394	0.975603
0.170569	0.981666	0.978398
0.173913	0.979914	0.980976
0.177258	0.978146	0.983347
0.180602	0.976365	0.985521
0.183946	0.974578	0.987507
0.187291	0.972786	0.989315
0.190635	0.970995	0.990953
0.193980	0.969208	0.992430
0.197324	0.967427	0.993752
0.200669	0.965654	0.994927
0.204013	0.963893	0.995962
0.207358	0.962146	0.996865
0.210702	0.960413	0.997640
0.214047	0.958697	0.998295
0.217391	0.956998	0.998836
0.220736	0.955319	0.999267
0.224080	0.953659	0.999594
0.227425	0.952021	0.999822
0.230769	0.950404	0.999956
0.234114	0.948809	1.000000
0.237458	0.947237	0.999959
0.240803	0.945687	0.999837
0.244147	0.944161	0.999639
0.247492	0.942659	0.999367
0.250836	0.941181	0.999025
0.254181	0.939726	0.998618
0.257525	0.938295	0.998148
0.260870	0.936888	0.997618
0.264214	0.935504	0.997032
0.267559	0.934145	0.996392
0.270903	0.932809	0.995701
0.274247	0.931496	0.994962
0.277592	0.930206	0.994178
0.280936	0.928940	0.993350
0.284281	0.927696	0.992482
0.287625	0.926475	0.991574
0.290970	0.925275	0.990631
0.294314	0.924098	0.989652
0.297659	0.922942	0.988641
0.301003	0.921808	0.987600
0.304348	0.920694	0.986529
0.307692	0.919601	0.985431
0.311037	0.918528	0.984308
0.314381	0.917476	0.983160
0.317726	0.916443	0.981990
0.321070	0.915429	0.980799
0.324415	0.914434	0.979588
0.327759	0.913458	0.978358
0.331104	0.912500	0.977111
0.334448	0.911560	0.975848
0.337793	0.910638	0.974570
0.341137	0.909732	0.973279
0.344482	0.908844	0.971974
0.347826	0.907972	0.970657
0.351171	0.907117	0.969330
0.354515	0.906278	0.967993
0.357860	0.905454	0.966646
0.361204	0.904645	0.965292
0.364548	0.903852	0.963930
0.367893	0.903073	0.962561
0.371237	0.902308	0.961186
0.374582	0.901558	0.959806
0.377926	0.900822	0.958421
0.381271	0.900099	0.957032
0.384615	0.899389	0.955640
0.387960	0.898692	0.954245
0.391304	0.898008	0.952848
0.394649	0.897336	0.951449
0.397993	0.896677	0.950049
0.401338	0.896029	0.948648
0.404682	0.895394	0.947247
0.408027	0.894769	0.945846
0.411371	0.894156	0.944446
0.414716	0.893554	0.943047
0.418060	0.892962	0.941648
0.421405	0.892381	0.940252
0.424749	0.891810	0.938858
0.428094	0.891249	0.937466
0.431438	0.890698	0.936077
0.434783	0.890157	0.934690
0.438127	0.889625	0.933308
0.441472	0.889103	0.931928
0.444816	0.888589	0.930552
0.448161	0.888085	0.929181
0.451505	0.887589	0.927814
0.454849	0.887101	0.926451
0.458194	0.886622	0.925093
0.461538	0.886151	0.923739
0.464883	0.885688	0.922391
0.468227	0.885233	0.921048
0.471572	0.884785	0.919711
0.474916	0.884345	0.918379
0.478261	0.883913	0.917052
0.481605	0.883487	0.915732
0.484950	0.883069	0.914418
0.488294	0.882657	0.913109
0.491639	0.882252	0.911807
0.494983	0.881854	0.910512
0.498328	0.881463	0.909222
0.501672	0.881077	0.907939
0.505017	0.880698	0.906663
0.508361	0.880325	0.905394
0.511706	0.879958	0.904131
0.515050	0.879597	0.902875
0.518395	0.879242	0.901626
0.521739	0.878892	0.900384
0.525084	0.878548	0.899149
0.528428	0.878209	0.897922
0.531773	0.877876	0.896701
0.535117	0.877547	0.895487
0.538462	0.877224	0.894281
0.541806	0.876906	0.893082
0.545151	0.876593	0.891890
0.548495	0.876284	0.890705
0.551839	0.875981	0.889528
0.555184	0.875682	0.888358
0.558528	0.875387	0.887195
0.561873	0.875097	0.886040
0.565217	0.874811	0.884892
0.568562	0.874530	0.883752
0.571906	0.874252	0.882619
0.575251	0.873979	0.881493
0.578595	0.873710	0.880375
0.581940	0.873445	0.879264
0.585284	0.873184	0.878161
0.588629	0.872927	0.877064
0.591973	0.872673	0.875976
0.595318	0.872423	0.874894
0.598662	0.872177	0.873820
0.602007	0.871934	0.872753
0.605351	0.871695	0.871694
0.608696	0.871459	0.870642
0.612040	0.871226	0.869597
0.615385	0.870997	0.868559
0.618729	0.870771	0.867529
0.622074	0.870548	0.866506
0.625418	0.870329	0.865490
0.628763	0.870112	0.864481
0.632107	0.869899	0.863479
0.635452	0.869688	0.862485
0.638796	0.869480	0.861497
0.642140	0.869275	0.860517
0.645485	0.869073	0.859543
0.648829	0.868874	0.858577
0.652174	0.868677	0.857617
0.655518	0.868483	0.856664
0.658863	0.868292	0.855719
0.662207	0.868103	0.854780
0.665552	0.867917	0.853848
0.668896	0.867733	0.852922
0.672241	0.867552	0.852004
0.675585	0.867373	0.851092
0.678930	0.867197	0.850187
0.682274	0.867022	0.849288
0.685619	0.866850	0.848396
0.688963	0.866681	0.847511
0.692308	0.866513	0.846632
0.695652	0.866348	0.845759
0.698997	0.866185	0.844893
0.702341	0.866023	0.844034
0.705686	0.865864	0.843180
0.709030	0.865707	0.842334
0.712375	0.865552	0.841493
0.715719	0.865399	0.840658
0.719064	0.865248	0.839830
0.722408	0.865099	0.839008
0.725753	0.864951	0.838192
0.729097	0.864806	0.837382
0.732441	0.864662	0.836578
0.735786	0.864520	0.835780
0.739130	0.864380	0.834988
0.742475	0.864241	0.834202
0.745819	0.864104	0.833422
0.749164	0.863969	0.832647
0.752508	0.863836	0.831879
0.755853	0.863704	0.831116
0.759197	0.863574	0.830358
0.762542	0.863445	0.829607
0.765886	0.863318	0.828861
0.769231	0.863192	0.828120
0.772575	0.863068	0.827385
0.775920	0.862945	0.826656
0.779264	0.862824	0.825932
0.782609	0.862704	0.825214
0.785953	0.862585	0.824500
0.789298	0.862468	0.823792
0.792642	0.862353	0.823090
0.795987	0.862238	0.822392
0.799331	0.862125	0.821700
0.802676	0.862013	0.821013
0.806020	0.861903	0.820331
0.809365	0.861794	0.819655
0.812709	0.861686	0.818983
0.816054	0.861579	0.818316
0.819398	0.861474	0.817654
0.822742	0.861369	0.816997
0.826087	0.861266	0.816345
0.829431	0.861164	0.815698
0.832776	0.861063	0.815056
0.836120	0.860963	0.814418
0.839465	0.860865	0.813786
0.842809	0.860767	0.813157
0.846154	0.860671	0.812534
0.849498	0.860575	0.811915
0.852843	0.860481	0.811301
0.856187	0.860388	0.810691
0.859532	0.860295	0.810086
0.862876	0.860204	0.809485
0.866221	0.860114	0.808889
0.869565	0.860024	0.808297
0.872910	0.859936	0.807709
0.876254	0.859848	0.807126
0.879599	0.859762	0.806547
0.882943	0.859676	0.805972
0.886288	0.859591	0.805402
0.889632	0.859508	0.804836
0.892977	0.859425	0.804273
0.896321	0.859342	0.803715
0.899666	0.859261	0.803161
0.903010	0.859181	0.802612
0.906355	0.859101	0.802066
0.909699	0.859023	0.801524
0.913043	0.858945	0.800986
0.916388	0.858868	0.800452
0.919732	0.858791	0.799922
0.923077	0.858716	0.799396
0.926421	0.858641	0.798873
0.929766	0.858567	0.798354
0.933110	0.858494	0.797840
0.936455	0.858421	0.797328
0.939799	0.858349	0.796821
0.943144	0.858278	0.796317
0.946488	0.858208	0.795817
0.949833	0.858138	0.795320
0.953177	0.858069	0.794827
0.956522	0.858001	0.794338
0.959866	0.857933	0.793852
0.963211	0.857866	0.793370
0.966555	0.857800	0.792891
0.969900	0.857734	0.792415
0.973244	0.857669	0.791943
0.976589	0.857605	0.791474
0.979933	0.857541	0.791009
0.983278	0.857478	0.790547
0.986622	0.857415	0.790088
0.989967	0.857353	0.789632
0.993311	0.857292	0.789180
0.996656	0.857231	0.788731
1.000000	0.857171	0.788285
