cos_theta	alpha_TA	alpha_LA
0.000000	0.000000	0.000000
0.003344	0.000000	0.028970
0.006689	0.000000	0.057097
0.010033	0.000000	0.084402
0.013378	0.000000	0.110905
0.016722	0.000000	0.136627
0.020067	0.000000	0.161587
0.023411	0.000000	0.185805
0.026756	0.000000	0.209301
0.030100	0.000000	0.232094
0.033445	0.000000	0.254202
0.036789	0.000000	0.275644
0.040134	0.000000	0.296438
0.043478	0.000000	0.316601
0.046823	0.000000	0.336152
0.050167	0.000000	0.355107
0.053512	0.000000	0.373482
0.056856	0.000000	0.391296
0.060201	0.000000	0.408562
0.063545	0.000000	0.425298
0.066890	0.000000	0.441518
0.070234	0.000000	0.457237
0.073579	0.000000	0.472471
0.076923	0.000000	0.487233
0.080268	0.000000	0.501537
0.083612	0.000000	0.515398
0.086957	0.000000	0.528828
0.090301	0.000000	0.541841
0.093645	0.000000	0.554449
0.096990	0.000000	0.566664
0.100334	0.000000	0.578499
0.103679	0.000000	0.589966
0.107023	0.000000	0.601074
0.110368	0.000000	0.611837
0.113712	0.000000	0.622264
0.117057	0.000000	0.632367
0.120401	0.000000	0.642154
0.123746	0.000000	0.651637
0.127090	0.000000	0.660825
0.130435	0.000000	0.669727
0.133779	0.000000	0.678352
0.137124	0.000000	0.686710
0.140468	0.000000	0.694808
0.143813	0.000000	0.702655
0.147157	0.000000	0.710259
0.150502	0.000000	0.717629
0.153846	0.000000	0.724770
0.157191	0.000000	0.731692
0.160535	0.000000	0.738400
0.163880	0.000000	0.744903
0.167224	0.000000	0.751206
0.170569	0.000000	0.757316
0.173913	0.000000	0.763240
0.177258	0.000000	0.768982
0.180602	0.000000	0.774551
0.183946	0.000000	0.779950
0.187291	0.000000	0.785186
0.190635	0.000000	0.790263
0.193980	0.000000	0.795188
0.197324	0.000000	0.799964
0.200669	0.000000	0.804598
0.204013	0.000000	0.809093
0.207358	0.000000	0.813454
0.210702	0.000000	0.817685
0.214047	0.000000	0.821791
0.217391	0.000000	0.825776
0.220736	0.000000	0.829643
0.224080	0.000000	0.833397
0.227425	0.000000	0.837041
0.230769	0.000000	0.840579
0.234114	0.000000	0.844014
0.237458	0.000000	0.847350
0.240803	0.000000	0.850589
0.244147	0.000000	0.853735
0.247492	0.000000	0.856791
0.250836	0.000000	0.859760
0.254181	0.000000	0.862644
0.257525	0.000000	0.865446
0.260870	0.000000	0.868170
0.264214	0.000000	0.870817
0.267559	0.000000	0.873390
0.270903	0.000000	0.875891
0.274247	0.000000	0.878322
0.277592	0.000000	0.880686
0.280936	0.000000	0.882985
0.284281	0.000000	0.885221
0.287625	0.000000	0.887396
0.290970	0.000000	0.889512
0.294314	0.000000	0.891571
0.297659	0.000000	0.893573
0.301003	0.000000	0.895523
0.304348	0.000000	0.897420
0.307692	0.000000	0.899266
0.311037	0.000000	0.901064
0.314381	0.000000	0.902814
0.317726	0.000000	0.904518
0.321070	0.000000	0.906178
0.324415	0.000000	0.907794
0.327759	0.000000	0.909369
0.331104	0.000000	0.910902
0.334448	0.000000	0.912397
0.337793	0.000000	0.913853
0.341137	0.000000	0.915273
0.344482	0.000000	0.916656
0.347826	0.000000	0.918005
0.351171	0.000000	0.919320
0.354515	0.000000	0.920602
0.357860	0.000000	0.921852
0.361204	0.000000	0.923071
0.364548	0.000000	0.924261
0.367893	0.000000	0.925421
0.371237	0.000000	0.926553
0.374582	0.000000	0.927657
0.377926	0.000000	0.928735
0.381271	0.000000	0.929787
0.384615	0.000000	0.930814
0.387960	0.000000	0.931817
0.391304	0.000000	0.932796
0.394649	0.000000	0.933751
0.397993	0.000000	0.934685
0.401338	0.000000	0.935597
0.404682	0.000000	0.936487
0.408027	0.000000	0.937357
0.411371	0.000000	0.938207
0.414716	0.000000	0.939038
0.418060	0.000000	0.939850
0.421405	0.000000	0.940643
0.424749	0.000000	0.941419
0.428094	0.000000	0.942177
0.431438	0.000000	0.942919
0.434783	0.000000	0.943644
0.438127	0.000000	0.944353
0.441472	0.000000	0.945046
0.444816	0.000000	0.945725
0.448161	0.000000	0.946388
0.451505	0.000000	0.947038
0.454849	0.000000	0.947673
0.458194	0.000000	0.948295
0.461538	0.000000	0.948903
0.464883	0.000000	0.949499
0.468227	0.000000	0.950082
0.471572	0.000000	0.950653
0.474916	0.000000	0.951212
0.478261	0.000000	0.951760
0.481605	0.000000	0.952296
0.484950	0.000000	0.952821
0.488294	0.000000	0.953335
0.491639	0.000000	0.953839
0.494983	0.000000	0.954333
0.498328	0.000000	0.954817
0.501672	0.000000	0.955291
0.505017	0.000000	0.955756
0.508361	0.000000	0.956212
0.511706	0.000000	0.956658
0.515050	0.000000	0.957096
0.518395	0.000000	0.957525
0.521739	0.000000	0.957946
0.525084	0.000000	0.958359
0.528428	0.000000	0.958764
0.531773	0.000000	0.959161
0.535117	0.000000	0.959551
0.538462	0.000000	0.959933
0.541806	0.000000	0.960308
0.545151	0.000000	0.960676
0.548495	0.000000	0.961037
0.551839	0.000000	0.961391
0.555184	0.033132	0.961739
0.558528	0.595329	0.962080
0.561873	0.726224	0.962416
0.565217	0.799652	0.962745
0.568562	0.847760	0.963068
0.571906	0.881779	0.963385
0.575251	0.906966	0.963697
0.578595	0.926193	0.964003
0.581940	0.941189	0.964303
0.585284	0.953066	0.964599
0.588629	0.962580	0.964889
0.591973	0.970262	0.965174
0.595318	0.976496	0.965454
0.598662	0.981572	0.965729
0.602007	0.985706	0.966000
0.605351	0.989069	0.966265
0.608696	0.991794	0.966527
0.612040	0.993986	0.966784
0.615385	0.995732	0.967036
0.618729	0.997100	0.967284
0.622074	0.998147	0.967528
0.625418	0.998922	0.967768
0.628763	0.999463	0.968004
0.632107	0.999804	0.968236
0.635452	0.999972	0.968465
0.638796	0.999991	0.968689
0.642140	0.999882	0.968910
0.645485	0.999661	0.969127
0.648829	0.999345	0.969341
0.652174	0.998944	0.969552
0.655518	0.998472	0.969759
0.658863	0.997937	0.969962
0.662207	0.997348	0.970163
0.665552	0.996712	0.970360
0.668896	0.996036	0.970554
0.672241	0.995325	0.970745
0.675585	0.994584	0.970934
0.678930	0.993819	0.971119
0.682274	0.993032	0.971301
0.685619	0.992227	0.971481
0.688963	0.991408	0.971658
0.692308	0.990576	0.971832
0.695652	0.989734	0.972004
0.698997	0.988885	0.972173
0.702341	0.988030	0.972339
0.705686	0.987171	0.972503
0.709030	0.986309	0.972664
0.712375	0.985446	0.972823
0.715719	0.984583	0.972980
0.719064	0.983720	0.973135
0.722408	0.982860	0.973287
0.725753	0.982002	0.973437
0.729097	0.981147	0.973585
0.732441	0.980297	0.973730
0.735786	0.979450	0.973874
0.739130	0.978609	0.974015
0.742475	0.977774	0.974155
0.745819	0.976944	0.974292
0.749164	0.976120	0.974428
0.752508	0.975303	0.974562
0.755853	0.974493	0.974694
0.759197	0.973690	0.974824
0.762542	0.972894	0.974952
0.765886	0.972105	0.975078
0.769231	0.971324	0.975203
0.772575	0.970550	0.975326
0.775920	0.969784	0.975447
0.779264	0.969026	0.975567
0.782609	0.968275	0.975685
0.785953	0.967532	0.975801
0.789298	0.966797	0.975916
0.792642	0.966070	0.976029
0.795987	0.965351	0.976141
0.799331	0.964640	0.976251
0.802676	0.963937	0.976360
0.806020	0.963241	0.976468
0.809365	0.962553	0.976574
0.812709	0.961873	0.976678
0.816054	0.961201	0.976782
0.819398	0.960536	0.976884
0.822742	0.959879	0.976984
0.826087	0.959229	0.977084
0.829431	0.958587	0.977182
0.832776	0.957952	0.977278
0.836120	0.957325	0.977374
0.839465	0.956704	0.977468
0.842809	0.956091	0.977562
0.846154	0.955486	0.977654
0.849498	0.954887	0.977745
0.852843	0.954295	0.977834
0.856187	0.953710	0.977923
0.859532	0.953132	0.978011
0.862876	0.952560	0.978097
0.866221	0.951996	0.978182
0.869565	0.951437	0.978267
0.872910	0.950886	0.978350
0.876254	0.950341	0.978433
0.879599	0.949802	0.978514
0.882943	0.949269	0.978594
0.886288	0.948742	0.978674
0.889632	0.948222	0.978752
0.892977	0.947708	0.978830
0.896321	0.947199	0.978906
0.899666	0.946697	0.978982
0.903010	0.946200	0.979057
0.906355	0.945709	0.979131
0.909699	0.945223	0.979204
0.913043	0.944743	0.979276
0.916388	0.944269	0.979348
0.919732	0.943800	0.979418
0.923077	0.943336	0.979488
0.926421	0.942877	0.979557
0.929766	0.942424	0.979625
0.933110	0.941976	0.979692
0.936455	0.941533	0.979759
0.939799	0.941095	0.979825
0.943144	0.940661	0.979890
0.946488	0.940233	0.979955
0.949833	0.939809	0.980018
0.953177	0.939390	0.980081
0.956522	0.938976	0.980144
0.959866	0.938566	0.980205
0.963211	0.938161	0.980266
0.966555	0.937760	0.980327
0.969900	0.937364	0.980386
0.973244	0.936972	0.980445
0.976589	0.936584	0.980504
0.979933	0.936200	0.980561
0.983278	0.935821	0.980618
0.986622	0.935445	0.980675
0.989967	0.935074	0.980731
0.993311	0.934707	0.980786
0.996656	0.934343	0.980841
1.000000	0.933984	0.980895
