cos_theta	alpha_TA	alpha_LA
0.000000	0.000000	0.000000
0.003344	0.013471	0.012235
0.006689	0.026762	0.024319
0.010033	0.039873	0.036255
0.013378	0.052808	0.048043
0.016722	0.065569	0.059686
0.020067	0.078160	0.071184
0.023411	0.090581	0.082539
0.026756	0.102836	0.093753
0.030100	0.114927	0.104827
0.033445	0.126856	0.115762
0.036789	0.138625	0.126559
0.040134	0.150237	0.137221
0.043478	0.161695	0.147748
0.046823	0.172999	0.158141
0.050167	0.184153	0.168403
0.053512	0.195157	0.178535
0.056856	0.206016	0.188538
0.060201	0.216730	0.198413
0.063545	0.227301	0.208161
0.066890	0.237732	0.217785
0.070234	0.248024	0.227285
0.073579	0.258180	0.236663
0.076923	0.268201	0.245920
0.080268	0.278089	0.255058
0.083612	0.287846	0.264077
0.086957	0.297474	0.272979
0.090301	0.306974	0.281766
0.093645	0.316348	0.290439
0.096990	0.325599	0.298998
0.100334	0.334727	0.307446
0.103679	0.343735	0.315783
0.107023	0.352624	0.324011
0.110368	0.361395	0.332131
0.113712	0.370051	0.340144
0.117057	0.378593	0.348052
0.120401	0.387022	0.355856
0.123746	0.395340	0.363557
0.127090	0.403548	0.371156
0.130435	0.411649	0.378655
0.133779	0.419643	0.386054
0.137124	0.427531	0.393356
0.140468	0.435316	0.400560
0.143813	0.442999	0.407668
0.147157	0.450581	0.414682
0.150502	0.458063	0.421603
0.153846	0.465447	0.428431
0.157191	0.472735	0.435168
0.160535	0.479926	0.441815
0.163880	0.487024	0.448373
0.167224	0.494028	0.454843
0.170569	0.500940	0.461227
0.173913	0.507762	0.467524
0.177258	0.514495	0.473738
0.180602	0.521139	0.479868
0.183946	0.527697	0.485915
0.187291	0.534169	0.491881
0.190635	0.540556	0.497767
0.193980	0.546859	0.503574
0.197324	0.553080	0.509302
0.200669	0.559220	0.514953
0.204013	0.565280	0.520528
0.207358	0.571260	0.526027
0.210702	0.577162	0.531452
0.214047	0.582988	0.536804
0.217391	0.588737	0.542084
0.220736	0.594411	0.547292
0.224080	0.600011	0.552430
0.227425	0.605538	0.557498
0.230769	0.610992	0.562497
0.234114	0.616376	0.567429
0.237458	0.621689	0.572294
0.240803	0.626933	0.577093
0.244147	0.632109	0.581827
0.247492	0.637217	0.586497
0.250836	0.642259	0.591104
0.254181	0.647234	0.595648
0.257525	0.652145	0.600131
0.260870	0.656992	0.604553
0.264214	0.661776	0.608915
0.267559	0.666497	0.613218
0.270903	0.671157	0.617462
0.274247	0.675756	0.621649
0.277592	0.680295	0.625780
0.280936	0.684775	0.629854
0.284281	0.689197	0.633873
0.287625	0.693560	0.637838
0.290970	0.697867	0.641749
0.294314	0.702118	0.645607
0.297659	0.706314	0.649413
0.301003	0.710454	0.653168
0.304348	0.714541	0.656871
0.307692	0.718574	0.660525
0.311037	0.722555	0.664129
0.314381	0.726484	0.667685
0.317726	0.730362	0.671193
0.321070	0.734189	0.674653
0.324415	0.737966	0.678067
0.327759	0.741693	0.681434
0.331104	0.745373	0.684757
0.334448	0.749004	0.688034
0.337793	0.752587	0.691268
0.341137	0.756124	0.694458
0.344482	0.759615	0.697605
0.347826	0.763060	0.700710
0.351171	0.766460	0.703773
0.354515	0.769816	0.706795
0.357860	0.773127	0.709777
0.361204	0.776396	0.712719
0.364548	0.779621	0.715621
0.367893	0.782805	0.718485
0.371237	0.785946	0.721311
0.374582	0.789047	0.724098
0.377926	0.792107	0.726849
0.381271	0.795127	0.729563
0.384615	0.798107	0.732241
0.387960	0.801049	0.734883
0.391304	0.803951	0.737490
0.394649	0.806816	0.740063
0.397993	0.809643	0.742601
0.401338	0.812433	0.745106
0.404682	0.815186	0.747578
0.408027	0.817903	0.750017
0.411371	0.820585	0.752424
0.414716	0.823231	0.754799
0.418060	0.825842	0.757143
0.421405	0.828419	0.759456
0.424749	0.830962	0.761739
0.428094	0.833471	0.763992
0.431438	0.835947	0.766215
0.434783	0.838391	0.768409
0.438127	0.840803	0.770575
0.441472	0.843182	0.772712
0.444816	0.845530	0.774821
0.448161	0.847847	0.776903
0.451505	0.850134	0.778958
0.454849	0.852390	0.780986
0.458194	0.854616	0.782988
0.461538	0.856813	0.784964
0.464883	0.858981	0.786914
0.468227	0.861119	0.788839
0.471572	0.863230	0.790739
0.474916	0.865312	0.792615
0.478261	0.867367	0.794467
0.481605	0.869394	0.796295
0.484950	0.871395	0.798100
0.488294	0.873368	0.799881
0.491639	0.875316	0.801640
0.494983	0.877237	0.803376
0.498328	0.879133	0.805090
0.501672	0.881003	0.806782
0.505017	0.882849	0.808453
0.508361	0.884669	0.810103
0.511706	0.886466	0.811731
0.515050	0.888238	0.813339
0.518395	0.889986	0.814927
0.521739	0.891711	0.816495
0.525084	0.893412	0.818043
0.528428	0.895091	0.819572
0.531773	0.896747	0.821081
0.535117	0.898381	0.822572
0.538462	0.899993	0.824044
0.541806	0.901583	0.825497
0.545151	0.903151	0.826933
0.548495	0.904698	0.828351
0.551839	0.906224	0.829751
0.555184	0.907730	0.831133
0.558528	0.909215	0.832499
0.561873	0.910680	0.833848
0.565217	0.912125	0.835180
0.568562	0.913550	0.836496
0.571906	0.914955	0.837795
0.575251	0.916342	0.839079
0.578595	0.917709	0.840347
0.581940	0.919058	0.841600
0.585284	0.920388	0.842837
0.588629	0.921700	0.844059
0.591973	0.922994	0.845267
0.595318	0.924271	0.846459
0.598662	0.925529	0.847638
0.602007	0.926770	0.848802
0.605351	0.927994	0.849952
0.608696	0.929201	0.851088
0.612040	0.930392	0.852211
0.615385	0.931565	0.853320
0.618729	0.932723	0.854416
0.622074	0.933864	0.855499
0.625418	0.934990	0.856569
0.628763	0.936099	0.857626
0.632107	0.937194	0.858671
0.635452	0.938272	0.859703
0.638796	0.939336	0.860723
0.642140	0.940385	0.861732
0.645485	0.941419	0.862728
0.648829	0.942438	0.863712
0.652174	0.943443	0.864685
0.655518	0.944434	0.865647
0.658863	0.945411	0.866598
0.662207	0.946374	0.867537
0.665552	0.947323	0.868466
0.668896	0.948258	0.869383
0.672241	0.949181	0.870290
0.675585	0.950090	0.871187
0.678930	0.950986	0.872073
0.682274	0.951869	0.872950
0.685619	0.952739	0.873816
0.688963	0.953597	0.874672
0.692308	0.954443	0.875518
0.695652	0.955276	0.876355
0.698997	0.956097	0.877182
0.702341	0.956907	0.878000
0.705686	0.957704	0.878809
0.709030	0.958490	0.879608
0.712375	0.959264	0.880398
0.715719	0.960027	0.881180
0.719064	0.960779	0.881953
0.722408	0.961519	0.882717
0.725753	0.962249	0.883472
0.729097	0.962968	0.884220
0.732441	0.963676	0.884958
0.735786	0.964374	0.885689
0.739130	0.965061	0.886411
0.742475	0.965738	0.887126
0.745819	0.966405	0.887833
0.749164	0.967062	0.888532
0.752508	0.967709	0.889223
0.755853	0.968346	0.889906
0.759197	0.968974	0.890583
0.762542	0.969592	0.891251
0.765886	0.970200	0.891913
0.769231	0.970799	0.892567
0.772575	0.971390	0.893214
0.775920	0.971971	0.893855
0.779264	0.972543	0.894488
0.782609	0.973106	0.895114
0.785953	0.973660	0.895734
0.789298	0.974206	0.896347
0.792642	0.974743	0.896954
0.795987	0.975272	0.897554
0.799331	0.975793	0.898148
0.802676	0.976305	0.898735
0.806020	0.976810	0.899316
0.809365	0.977306	0.899891
0.812709	0.977794	0.900460
0.816054	0.978275	0.901023
0.819398	0.978748	0.901581
0.822742	0.979213	0.902132
0.826087	0.979671	0.902677
0.829431	0.980121	0.903217
0.832776	0.980564	0.903751
0.836120	0.981000	0.904280
0.839465	0.981428	0.904803
0.842809	0.981850	0.905321
0.846154	0.982265	0.905833
0.849498	0.982672	0.906341
0.852843	0.983073	0.906843
0.856187	0.983467	0.907339
0.859532	0.983855	0.907831
0.862876	0.984236	0.908318
0.866221	0.984610	0.908800
0.869565	0.984979	0.909277
0.872910	0.985340	0.909749
0.876254	0.985696	0.910216
0.879599	0.986046	0.910679
0.882943	0.986389	0.911137
0.886288	0.986726	0.911590
0.889632	0.987058	0.912039
0.892977	0.987384	0.912483
0.896321	0.987703	0.912923
0.899666	0.988018	0.913359
0.903010	0.988326	0.913790
0.906355	0.988629	0.914217
0.909699	0.988927	0.914640
0.913043	0.989219	0.915059
0.916388	0.989506	0.915473
0.919732	0.989787	0.915884
0.923077	0.990063	0.916290
0.926421	0.990334	0.916693
0.929766	0.990600	0.917091
0.933110	0.990861	0.917486
0.936455	0.991117	0.917877
0.939799	0.991369	0.918264
0.943144	0.991615	0.918648
0.946488	0.991856	0.919027
0.949833	0.992093	0.919403
0.953177	0.992325	0.919776
0.956522	0.992553	0.920145
0.959866	0.992776	0.920510
0.963211	0.992995	0.920872
0.966555	0.993209	0.921231
0.969900	0.993419	0.921586
0.973244	0.993624	0.921938
0.976589	0.993825	0.922286
0.979933	0.994022	0.922631
0.983278	0.994215	0.922973
0.986622	0.994404	0.923312
0.989967	0.994589	0.923648
0.993311	0.994769	0.923980
0.996656	0.994946	0.924310
1.000000	0.995119	0.924636
