cos_theta	alpha_TA	alpha_LA
0.000000	0.000000	0.000000
0.003344	0.000000	0.000000
0.006689	0.000000	0.000000
0.010033	0.000000	0.000000
0.013378	0.000000	0.000000
0.016722	0.000000	0.000000
0.020067	0.000000	0.000000
0.023411	0.000000	0.000000
0.026756	0.000000	0.000000
0.030100	0.000000	0.000000
0.033445	0.000000	0.000000
0.036789	0.000000	0.000000
0.040134	0.000000	0.000000
0.043478	0.000000	0.000000
0.046823	0.000000	0.000000
0.050167	0.000000	0.000000
0.053512	0.000000	0.000000
0.056856	0.000000	0.000000
0.060201	0.000000	0.000000
0.063545	0.000000	0.000000
0.066890	0.000000	0.000000
0.070234	0.000000	0.000000
0.073579	0.000000	0.000000
0.076923	0.000000	0.000000
0.080268	0.000000	0.000000
0.083612	0.000000	0.000000
0.086957	0.000000	0.000000
0.090301	0.000000	0.000000
0.093645	0.000000	0.000000
0.096990	0.000000	0.000000
0.100334	0.000000	0.000000
0.103679	0.000000	0.000000
0.107023	0.000000	0.000000
0.110368	0.000000	0.000000
0.113712	0.000000	0.000000
0.117057	0.000000	0.000000
0.120401	0.000000	0.000000
0.123746	0.000000	0.000000
0.127090	0.000000	0.000000
0.130435	0.000000	0.000000
0.133779	0.000000	0.000000
0.137124	0.000000	0.000000
0.140468	0.000000	0.000000
0.143813	0.000000	0.000000
0.147157	0.000000	0.000000
0.150502	0.000000	0.000000
0.153846	0.000000	0.000000
0.157191	0.000000	0.000000
0.160535	0.000000	0.000000
0.163880	0.000000	0.000000
0.167224	0.000000	0.000000
0.170569	0.000000	0.000000
0.173913	0.000000	0.000000
0.177258	0.000000	0.000000
0.180602	0.000000	0.000000
0.183946	0.000000	0.000000
0.187291	0.000000	0.000000
0.190635	0.000000	0.000000
0.193980	0.000000	0.000000
0.197324	0.000000	0.000000
0.200669	0.000000	0.000000
0.204013	0.000000	0.000000
0.207358	0.000000	0.000000
0.210702	0.000000	0.000000
0.214047	0.000000	0.000000
0.217391	0.000000	0.000000
0.220736	0.000000	0.000000
0.224080	0.000000	0.000000
0.227425	0.000000	0.000000
0.230769	0.000000	0.000000
0.234114	0.000000	0.000000
0.237458	0.000000	0.000000
0.240803	0.000000	0.000000
0.244147	0.000000	0.000000
0.247492	0.000000	0.000000
0.250836	0.000000	0.000000
0.254181	0.000000	0.000000
0.257525	0.000000	0.000000
0.260870	0.000000	0.000000
0.264214	0.000000	0.000000
0.267559	0.000000	0.000000
0.270903	0.000000	0.000000
0.274247	0.000000	0.000000
0.277592	0.000000	0.000000
0.280936	0.000000	0.000000
0.284281	0.000000	0.000000
0.287625	0.000000	0.000000
0.290970	0.000000	0.000000
0.294314	0.000000	0.000000
0.297659	0.000000	0.000000
0.301003	0.000000	0.000000
0.304348	0.000000	0.000000
0.307692	0.000000	0.000000
0.311037	0.000000	0.000000
0.314381	0.000000	0.000000
0.317726	0.000000	0.000000
0.321070	0.000000	0.000000
0.324415	0.000000	0.000000
0.327759	0.000000	0.000000
0.331104	0.000000	0.000000
0.334448	0.000000	0.000000
0.337793	0.000000	0.000000
0.341137	0.000000	0.000000
0.344482	0.000000	0.000000
0.347826	0.000000	0.000000
0.351171	0.000000	0.000000
0.354515	0.000000	0.000000
0.357860	0.000000	0.000000
0.361204	0.000000	0.000000
0.364548	0.000000	0.000000
0.367893	0.000000	0.000000
0.371237	0.000000	0.000000
0.374582	0.000000	0.000000
0.377926	0.000000	0.000000
0.381271	0.000000	0.000000
0.384615	0.000000	0.000000
0.387960	0.000000	0.000000
0.391304	0.000000	0.000000
0.394649	0.000000	0.000000
0.397993	0.000000	0.000000
0.401338	0.000000	0.000000
0.404682	0.000000	0.000000
0.408027	0.000000	0.000000
0.411371	0.000000	0.000000
0.414716	0.000000	0.000000
0.418060	0.000000	0.000000
0.421405	0.000000	0.000000
0.424749	0.000000	0.000000
0.428094	0.000000	0.000000
0.431438	0.000000	0.000000
0.434783	0.000000	0.000000
0.438127	0.000000	0.000000
0.441472	0.000000	0.000000
0.444816	0.000000	0.000000
0.448161	0.000000	0.000000
0.451505	0.000000	0.000000
0.454849	0.000000	0.000000
0.458194	0.000000	0.000000
0.461538	0.000000	0.000000
0.464883	0.000000	0.000000
0.468227	0.000000	0.000000
0.471572	0.000000	0.000000
0.474916	0.000000	0.000000
0.478261	0.000000	0.000000
0.481605	0.000000	0.000000
0.484950	0.000000	0.000000
0.488294	0.000000	0.000000
0.491639	0.000000	0.000000
0.494983	0.000000	0.000000
0.498328	0.000000	0.000000
0.501672	0.000000	0.000000
0.505017	0.000000	0.000000
0.508361	0.000000	0.000000
0.511706	0.000000	0.000000
0.515050	0.000000	0.000000
0.518395	0.000000	0.000000
0.521739	0.000000	0.000000
0.525084	0.000000	0.000000
0.528428	0.000000	0.000000
0.531773	0.000000	0.000000
0.535117	0.000000	0.000000
0.538462	0.000000	0.000000
0.541806	0.000000	0.000000
0.545151	0.000000	0.000000
0.548495	0.000000	0.000000
0.551839	0.000000	0.000000
0.555184	0.000000	0.000000
0.558528	0.000000	0.000000
0.561873	0.000000	0.000000
0.565217	0.000000	0.000000
0.568562	0.000000	0.000000
0.571906	0.000000	0.000000
0.575251	0.000000	0.000000
0.578595	0.000000	0.000000
0.581940	0.000000	0.000000
0.585284	0.000000	0.000000
0.588629	0.000000	0.000000
0.591973	0.000000	0.000000
0.595318	0.000000	0.000000
0.598662	0.000000	0.000000
0.602007	0.000000	0.000000
0.605351	0.000000	0.000000
0.608696	0.000000	0.000000
0.612040	0.000000	0.000000
0.615385	0.000000	0.000000
0.618729	0.000000	0.059692
0.622074	0.000000	0.264273
0.625418	0.000000	0.348660
0.628763	0.000000	0.406762
0.632107	0.000000	0.451525
0.635452	0.000000	0.487972
0.638796	0.000000	0.518665
0.642140	0.000000	0.545112
0.645485	0.000000	0.568284
0.648829	0.000000	0.588848
0.652174	0.000000	0.607284
0.655518	0.000000	0.623949
0.658863	0.000000	0.639117
0.662207	0.000000	0.653004
0.665552	0.000000	0.665782
0.668896	0.000000	0.677591
0.672241	0.000000	0.688547
0.675585	0.000000	0.698747
0.678930	0.000000	0.708271
0.682274	0.000000	0.717189
0.685619	0.000000	0.725560
0.688963	0.000000	0.733437
0.692308	0.000000	0.740863
0.695652	0.000000	0.747878
0.698997	0.000000	0.754516
0.702341	0.000000	0.760808
0.705686	0.000000	0.766782
0.709030	0.000000	0.772461
0.712375	0.000000	0.777867
0.715719	0.000000	0.783020
0.719064	0.000000	0.787937
0.722408	0.000000	0.792635
0.725753	0.000000	0.797127
0.729097	0.000000	0.801428
0.732441	0.000000	0.805549
0.735786	0.000000	0.809502
0.739130	0.000000	0.813296
0.742475	0.000000	0.816941
0.745819	0.000000	0.820445
0.749164	0.000000	0.823816
0.752508	0.000000	0.827062
0.755853	0.000000	0.830190
0.759197	0.000000	0.833205
0.762542	0.000000	0.836113
0.765886	0.000000	0.838921
0.769231	0.000000	0.841633
0.772575	0.000000	0.844253
0.775920	0.000000	0.846787
0.779264	0.000000	0.849238
0.782609	0.000000	0.851610
0.785953	0.000000	0.853908
0.789298	0.000000	0.856133
0.792642	0.000000	0.858290
0.795987	0.000000	0.860382
0.799331	0.000000	0.862411
0.802676	0.000000	0.864380
0.806020	0.000000	0.866291
0.809365	0.000000	0.868148
0.812709	0.000000	0.869951
0.816054	0.000000	0.871705
0.819398	0.000000	0.873409
0.822742	0.000000	0.875067
0.826087	0.000000	0.876680
0.829431	0.000000	0.878249
0.832776	0.000000	0.879778
0.836120	0.000000	0.881266
0.839465	0.000000	0.882716
0.842809	0.000000	0.884128
0.846154	0.000000	0.885505
0.849498	0.000000	0.886848
0.852843	0.000000	0.888157
0.856187	0.000000	0.889435
0.859532	0.370259	0.890681
0.862876	0.532333	0.891897
0.866221	0.622330	0.893085
0.869565	0.683816	0.894244
0.872910	0.729633	0.895377
0.876254	0.765506	0.896483
0.879599	0.794524	0.897565
0.882943	0.818545	0.898621
0.886288	0.838779	0.899655
0.889632	0.856057	0.900665
0.892977	0.870971	0.901653
0.896321	0.883962	0.902619
0.899666	0.895361	0.903565
0.903010	0.905428	0.904490
0.906355	0.914367	0.905396
0.909699	0.922341	0.906282
0.913043	0.929484	0.907150
0.916388	0.935904	0.908001
0.919732	0.941694	0.908833
0.923077	0.946929	0.909649
0.926421	0.951674	0.910449
0.929766	0.955985	0.911232
0.933110	0.959908	0.912000
0.936455	0.963485	0.912753
0.939799	0.966750	0.913491
0.943144	0.969735	0.914215
0.946488	0.972466	0.914925
0.949833	0.974968	0.915621
0.953177	0.977261	0.916304
0.956522	0.979365	0.916975
0.959866	0.981296	0.917633
0.963211	0.983068	0.918279
0.966555	0.984695	0.918913
0.969900	0.986189	0.919535
0.973244	0.987561	0.920146
0.976589	0.988820	0.920746
0.979933	0.989975	0.921336
0.983278	0.991035	0.921915
0.986622	0.992006	0.922484
0.989967	0.992894	0.923043
0.993311	0.993707	0.923592
0.996656	0.994450	0.924132
1.000000	0.995126	0.924663
