128  
1    

1    
 -0.0000000000000000   0.0070710678118655   0.0070710678118655
   0.0015568600   -0.0907466200   -0.0907466200
  -0.0013185300    0.0025802600    0.0025802600
  -0.0000032800    0.0001859000    0.0001859000
   0.0013075600    0.0025446500    0.0025446500
   0.0019642700   -0.0037670900    0.0019129600
  -0.0000706700    0.0002658400    0.0000860900
   0.0000727100    0.0000855500    0.0002640700
  -0.0019570100    0.0019182300   -0.0037677500
   0.0002061400   -0.0013792400   -0.0000200700
   0.0000004800    0.0003377900    0.0003355300
  -0.0002061300   -0.0000207100   -0.0013805400
  -0.0000001400    0.0003371300    0.0003368800
   0.0006490300   -0.0024535900    0.0005961500
  -0.0006444700    0.0006074900   -0.0024543600
   0.0001250400    0.0001382600    0.0002119500
  -0.0001245500    0.0002122800    0.0001398900
   0.0019642700    0.0019129600   -0.0037670900
  -0.0000706700    0.0000860900    0.0002658400
   0.0000727100    0.0002640700    0.0000855500
  -0.0019570100   -0.0037677500    0.0019182300
   0.0001866200   -0.0000991500   -0.0000991500
  -0.0000004100    0.0000675800    0.0000675800
  -0.0001868800   -0.0000995100   -0.0000995100
  -0.0000000300    0.0001598800    0.0001598800
   0.0003632400   -0.0000280700   -0.0001012400
  -0.0003652600   -0.0001006300   -0.0000274600
   0.0000079400    0.0000834500    0.0000901600
  -0.0000077300    0.0000904000    0.0000837100
   0.0000052500   -0.0000470100   -0.0000430800
  -0.0000006800    0.0000570200    0.0001594900
   0.0000002900    0.0000758100    0.0000756300
  -0.0000009400    0.0001602000    0.0000558500
   0.0002061400   -0.0000200700   -0.0013792400
   0.0000004800    0.0003355300    0.0003377900
  -0.0002061300   -0.0013805400   -0.0000207100
  -0.0000001400    0.0003368800    0.0003371300
   0.0003632400   -0.0001012400   -0.0000280700
  -0.0003652600   -0.0000274600   -0.0001006300
   0.0000079400    0.0000901600    0.0000834500
  -0.0000077300    0.0000837100    0.0000904000
   0.0000014400   -0.0002265800   -0.0002265800
  -0.0000119800    0.0000793200    0.0000793200
   0.0000001600    0.0000802100    0.0000802100
   0.0000111700    0.0000790500    0.0000790500
   0.0003112200   -0.0001540600    0.0000251200
   0.0000042000    0.0000717000    0.0001021300
  -0.0000046600    0.0001019700    0.0000708900
  -0.0003115000    0.0000257900   -0.0001533900
   0.0006490300    0.0005961500   -0.0024535900
  -0.0006444700   -0.0024543600    0.0006074900
   0.0001250400    0.0002119500    0.0001382600
  -0.0001245500    0.0001398900    0.0002122800
   0.0000052500   -0.0000430800   -0.0000470100
  -0.0000006800    0.0001594900    0.0000570200
   0.0000002900    0.0000756300    0.0000758100
  -0.0000009400    0.0000558500    0.0001602000
   0.0003112200    0.0000251200   -0.0001540600
   0.0000042000    0.0001021300    0.0000717000
  -0.0000046600    0.0000708900    0.0001019700
  -0.0003115000   -0.0001533900    0.0000257900
   0.0002931500   -0.0000993700   -0.0000993700
  -0.0000013400    0.0001595500    0.0001595500
  -0.0002925900   -0.0000992600   -0.0000992600
  -0.0000001600    0.0000676900    0.0000676900
   0.0290165400    0.0365565600    0.0365565600
  -0.0303806100    0.0375671300    0.0375671300
   0.0006099300    0.0002099800    0.0002099800
  -0.0006048800    0.0002013000    0.0002013000
  -0.0001146000    0.0074387800    0.0072971400
   0.0001060300   -0.0004485400   -0.0002298300
  -0.0000017400   -0.0000544400   -0.0000552100
  -0.0001077400   -0.0002274500   -0.0004447800
   0.0003725100    0.0019017600    0.0004431200
   0.0000814000   -0.0002736500   -0.0001367400
  -0.0000811000   -0.0001355400   -0.0002706000
  -0.0003688800    0.0004411700    0.0019060100
  -0.0002359700    0.0012955300   -0.0001659900
   0.0000041600   -0.0005586300   -0.0005484700
   0.0002370000   -0.0001638700    0.0012972400
   0.0000005400   -0.0002046800   -0.0002038500
  -0.0001146000    0.0072971400    0.0074387800
   0.0001060300   -0.0002298300   -0.0004485400
  -0.0000017400   -0.0000552100   -0.0000544400
  -0.0001077400   -0.0004447800   -0.0002274500
  -0.0004138700    0.0000744900    0.0000744900
   0.0000087800   -0.0000753800   -0.0000753800
  -0.0000087000   -0.0000746300   -0.0000746300
   0.0004140000    0.0000735300    0.0000735300
  -0.0002144500    0.0000231800    0.0001595800
   0.0000005000   -0.0000836500   -0.0000839200
   0.0002137500    0.0001590900    0.0000237700
  -0.0000002700   -0.0000851300   -0.0000846000
  -0.0005199100   -0.0000332600    0.0001864600
   0.0005214700    0.0001840300   -0.0000324900
   0.0000134300   -0.0000280900   -0.0000982600
  -0.0000142000   -0.0000990300   -0.0000275000
   0.0003725100    0.0004431200    0.0019017600
   0.0000814000   -0.0001367400   -0.0002736500
  -0.0000811000   -0.0002706000   -0.0001355400
  -0.0003688800    0.0019060100    0.0004411700
  -0.0002144500    0.0001595800    0.0000231800
   0.0000005000   -0.0000839200   -0.0000836500
   0.0002137500    0.0000237700    0.0001590900
  -0.0000002700   -0.0000846000   -0.0000851300
  -0.0002948600    0.0000783900    0.0000783900
   0.0002959900    0.0000774800    0.0000774800
   0.0000122800   -0.0000773400   -0.0000773400
  -0.0000127000   -0.0000775700   -0.0000775700
  -0.0000012900    0.0000715100    0.0000717100
   0.0000326100   -0.0000465800   -0.0001169800
   0.0000000300   -0.0000899700   -0.0000897900
  -0.0000317300   -0.0001173000   -0.0000458400
  -0.0002359700   -0.0001659900    0.0012955300
   0.0000041600   -0.0005484700   -0.0005586300
   0.0002370000    0.0012972400   -0.0001638700
   0.0000005400   -0.0002038500   -0.0002046800
  -0.0005199100    0.0001864600   -0.0000332600
   0.0005214700   -0.0000324900    0.0001840300
   0.0000134300   -0.0000982600   -0.0000280900
  -0.0000142000   -0.0000275000   -0.0000990300
  -0.0000012900    0.0000717100    0.0000715100
   0.0000326100   -0.0001169800   -0.0000465800
   0.0000000300   -0.0000897900   -0.0000899700
  -0.0000317300   -0.0000458400   -0.0001173000
  -0.0003347700    0.0001310700    0.0001310700
   0.0000187600   -0.0001308800   -0.0001308800
  -0.0000182300   -0.0001305400   -0.0001305400
   0.0003353600    0.0001302600    0.0001302600
